696314785,-150163,42111

726810706,-150163,42110
727010504,-150161,42109
727078455,-150159,42107
727211963,-150090,42043
727310978,-150010,41983
727410981,-149932,41913
727510043,-149838,41834
727609244,-149719,41737
727707659,-149581,41620
727807255,-149423,41487
727908720,-149262,41347
728008907,-149101,41205
728108593,-148928,41059
728208502,-148762,40906
728306676,-148618,40738
728406475,-148490,40547
728504698,-148368,40340
728604616,-148254,40118
728704492,-148139,39897
728803537,-147964,39696
728901664,-147775,39507
729001417,-147571,39302
729100430,-147360,39095
729199391,-147156,38891
729303076,-146931,38661
729402135,-146709,38443
729500988,-146490,38218
729600989,-146259,37992
729701314,-146035,37764
729799733,-145810,37546
729899075,-145595,37326
729998301,-145360,37083
730096922,-145101,36815
730197422,-144810,36521
730329433,-144417,36124
730428637,-144118,35824
730528129,-143816,35521
730594457,-143614,35322
730729298,-143203,34905
730828416,-142906,34602
730927435,-142615,34309
731026524,-142327,34017
731125647,-142033,33722
731224596,-141741,33432
731290644,-141545,33234
731423778,-141151,32837
731523704,-140859,32543
731622779,-140568,32247
731722747,-140277,31955
731822634,-139992,31663
731921441,-139701,31370
732020203,-139412,31074
732118953,-139116,30783
732217882,-138824,30488
732316820,-138527,30196
732415949,-138233,29905
732514819,-137929,29607
732614591,-137612,29302
732713463,-137290,28987
732818281,-136931,28638
732917417,-136580,28298
733016292,-136223,27952
733115222,-135866,27596
733213942,-135499,27240
733312866,-135135,26884
733412607,-134772,26523
733516911,-134396,26142
733615895,-134032,25774
733715606,-133658,25398
733814434,-133283,25022
733946071,-132783,24523
734045519,-132406,24151
734145605,-132026,23781
734244236,-131657,23419
734343890,-131288,23054
734443671,-130912,22687
734543579,-130537,22319
734642443,-130164,21955
734741250,-129793,21595
734807449,-129545,21353
734949294,-129019,20835
735048085,-128648,20465
735147810,-128272,20096
735246665,-127897,19729
735345982,-127525,19363
735445747,-127154,18996
735544622,-126782,18623
735645831,-126393,18239
735744680,-126011,17866
735843497,-125628,17490
735942216,-125246,17115
736041213,-124865,16732
736140383,-124484,16350
736239288,-124112,15979
736338681,-123731,15598
736437411,-123334,15203
736537813,-122921,14784
736636468,-122510,14371
736735927,-122095,13952
736834575,-121680,13534
736933650,-121264,13116
737038546,-120821,12672
737137543,-120402,12254
737236235,-119983,11836
737335734,-119560,11413
737434274,-119137,10990
737533582,-118715,10568
737632674,-118296,10147
737731987,-117874,9723
737831158,-117455,9300
737930957,-117031,8877
738062346,-116480,8321
738161779,-116066,7899
738262129,-115642,7475
738327577,-115364,7198
738461832,-114784,6624
738561176,-114358,6203
738659543,-113940,5786
738759248,-113512,5361
738858565,-113093,4945
738958048,-112674,4527
739056502,-112255,4105
739155928,-111833,3686
739254432,-111413,3271
739353813,-110989,2847
739453192,-110564,2423
739552822,-110137,1999
739651507,-109715,1582
739751223,-109289,1161
739853762,-108853,733
739952573,-108431,310
740052045,-108000,-120
740150581,-107574,-540
740250093,-107150,-964
740348465,-106724,-1392
740447846,-106296,-1824
740547736,-105871,-2251
740646689,-105448,-2677
740778510,-104882,-3241
740877812,-104467,-3653
740978316,-104073,-4044
741076806,-103730,-4381
741142824,-103532,-4568
741254391,-103292,-4785
741353780,-103237,-4817
741551985,-103242,-4809
741683983,-103242,-4807

749489893,-103241,-4797
749590666,-103241,-4796
749690719,-103240,-4795
749790625,-103198,-4743
749890402,-102967,-4541
749989835,-102674,-4226
750088390,-102301,-3840
750187833,-101895,-3437
750286079,-101479,-3027
750389846,-101032,-2584
750488253,-100628,-2177
750587747,-100229,-1778
750686213,-99844,-1394
750785846,-99469,-1010
750884240,-99101,-638
750983695,-98734,-259
751093205,-98323,158
751193497,-97963,533
751292102,-97622,880
751391522,-97308,1193
751490740,-97099,1408
751589907,-97030,1465
751689503,-97030,1477
751790680,-97031,1477
751890037,-97030,1477
752682424,-96997,1494
752781677,-96870,1617
752880999,-96762,1729
752979516,-96723,1759
753078472,-96723,1758
753181652,-96723,1757
753676350,-96717,1762
753775197,-96636,1844
753874518,-96644,1843
754774488,-96642,1844
754874258,-96621,1880
755005616,-96621,1876
755379476,-96619,1876
755478371,-96612,1876
755975271,-96594,1891
756107183,-96526,1961
756205527,-96524,1956
756304703,-96526,1956
760199744,-96525,1951
760896524,-96525,1949
760996198,-96525,1945
761096466,-96525,1889
761195647,-96507,1771
761295092,-96442,1618
761393888,-96362,1479
761493036,-96254,1308
761592573,-96165,1130
761690879,-96079,958
761791210,-95983,776
761889872,-95865,599
761989327,-95723,425
762088514,-95563,263
762186838,-95398,111
762286316,-95226,-46
762386106,-95070,-203
762485510,-94909,-355
762584665,-94746,-505
762682874,-94590,-657
762782695,-94430,-814
762913977,-94210,-1018
762984162,-94095,-1133
763083805,-93933,-1297
763182975,-93745,-1472
763315385,-93442,-1768
763413833,-93192,-2006
763513410,-92934,-2259
763612802,-92672,-2514
763714803,-92404,-2779
763813525,-92148,-3025
763912762,-91889,-3281
764011075,-91618,-3541
764111244,-91324,-3835
764210793,-90993,-4158
764310226,-90644,-4500
764409718,-90280,-4860
764507896,-89912,-5219
764607252,-89537,-5583
764706718,-89162,-5946
764808526,-88773,-6317
764907139,-88396,-6681
765006523,-88020,-7051
765105091,-87647,-7419
765205369,-87265,-7794
765304650,-86885,-8166
765403775,-86509,-8535
765502200,-86136,-8908
765601553,-85765,-9291
765701986,-85391,-9695
765802337,-85019,-10120
765901275,-84662,-10558
766000490,-84317,-11000
766099756,-83976,-11442
766198069,-83642,-11880
766297664,-83305,-12326
766397938,-82968,-12770
766509323,-82590,-13276
766608376,-82262,-13720
766707619,-81916,-14166
766807814,-81526,-14611
766906919,-81107,-15063
767005244,-80676,-15519
767105459,-80232,-15989
767213292,-79754,-16497
767313610,-79306,-16962
767413979,-78844,-17421
767512511,-78385,-17878
767611707,-77922,-18347
767710979,-77460,-18818
767809335,-77003,-19268
767909999,-76542,-19708
768010326,-76092,-20131
768110500,-75643,-20514
768209822,-75197,-20856
768308923,-74756,-21116
768407248,-74322,-21328
768506798,-73886,-21520
768572868,-73601,-21639
768711390,-73006,-22018
768811493,-72577,-22357
768911960,-72132,-22763
769011194,-71686,-23186
769110637,-71227,-23629
769210095,-70764,-24073
769275978,-70454,-24371
769416096,-69799,-25011
769515601,-69340,-25467
769614778,-68881,-25922
769714602,-68414,-26385
769813607,-67954,-26844
769912969,-67494,-27300
770012033,-67039,-27752
770111748,-66576,-28213
770211113,-66116,-28677
770309505,-65653,-29141
770408934,-65192,-29605
770507362,-64741,-30060
770606657,-64285,-30519
770705971,-63835,-30972
770804394,-63386,-31423
770904161,-62937,-31880
771002500,-62495,-32331
771101561,-62050,-32777
771200933,-61609,-33218
771301033,-61164,-33668
771399389,-60722,-34111
771503617,-60243,-34590
771602848,-59803,-35025
771702107,-59398,-35425
771803331,-59014,-35801
771901671,-58677,-36140
772000930,-58427,-36380
772099508,-58334,-36459
772199074,-58307,-36463
772793071,-58285,-36483
772901360,-58126,-36653
772999922,-58009,-36804
773099298,-57907,-36894
773230520,-57879,-36907
773331219,-57881,-36907
773495903,-57875,-36927
773606622,-57787,-37027
773707860,-57765,-37044
773807477,-57765,-37045

774900476,-57759,-37037
775008944,-57626,-36883
775108708,-57370,-36744
775208443,-57020,-36609
775306998,-56632,-36467
775440004,-56079,-36286
775506902,-55795,-36201
775606516,-55369,-36071
775707586,-54940,-35941
775839941,-54374,-35783
775938717,-53961,-35660
776037877,-53543,-35534
776137148,-53124,-35412
776236453,-52690,-35288
776334870,-52259,-35172
776434531,-51825,-35045
776532778,-51403,-34918
776632894,-50971,-34797
776732184,-50544,-34678
776831522,-50111,-34549
776930934,-49677,-34422
777030465,-49247,-34302
777131996,-48807,-34182
777231200,-48372,-34057
777331425,-47954,-33943
777430674,-47636,-33921
777529819,-47469,-33921
777629201,-47444,-33927
777734597,-47445,-33927
778228979,-47422,-33903
778328258,-47282,-33830
778427522,-47241,-33827
778531556,-47241,-33849
778629882,-47244,-33849
778729682,-47217,-33875
778831767,-47007,-34130
778931179,-46733,-34411
779030386,-46353,-34769
779128846,-45952,-35153
779234899,-45489,-35582
779334436,-45046,-35995
779434758,-44598,-36431
779533214,-44157,-36861
779632495,-43710,-37293
779731625,-43273,-37727
779836154,-42812,-38185
779938440,-42350,-38641
780038758,-41892,-39089
780137831,-41435,-39539
780237152,-40969,-40000
780336435,-40502,-40463
780436723,-40032,-40932
780535071,-39572,-41384
780644517,-39062,-41888
780743276,-38598,-42340
780842490,-38133,-42795
780941049,-37669,-43250
781041075,-37199,-43715
781140424,-36726,-44178
781239502,-36257,-44637
781339674,-35789,-45097
781438236,-35326,-45554
781537465,-34858,-46014
781636799,-34384,-46474
781742938,-33877,-46964
781844448,-33397,-47436
781944443,-32929,-47895
782043329,-32464,-48351
782142758,-31992,-48811
782242002,-31524,-49276
782341501,-31055,-49738
782441827,-30585,-50201
782540218,-30119,-50661
782639557,-29649,-51123
782741087,-29166,-51595
782840459,-28693,-52058
782939789,-28221,-52522
783038551,-27750,-52980
783137463,-27280,-53431
783236210,-26812,-53881
783335549,-26349,-54341
783435849,-25872,-54814
783534500,-25407,-55274
783633852,-24948,-55735
783732262,-24487,-56197
783832563,-24007,-56681
783932006,-23531,-57156
784030374,-23064,-57622
784130141,-22595,-58089
784228675,-22133,-58547
784328679,-21666,-59011
784427831,-21205,-59467
784526986,-20748,-59921
784625254,-20293,-60371
784724349,-19834,-60820
784827248,-19360,-61287
784927000,-18894,-61748
785025515,-18432,-62202
785124777,-17968,-62661
785223850,-17522,-63118
785324033,-17124,-63575
785422425,-16742,-64012
785521462,-16382,-64449
785621177,-16084,-64890
785720368,-15812,-65330
785819869,-15576,-65765
785918486,-15335,-66192
786017747,-14992,-66614
786149347,-14474,-67187
786248978,-14044,-67644
786347530,-13602,-68103
786446830,-13154,-68572
786547033,-12696,-69047
786645525,-12263,-69492
786744792,-11912,-69837
786845074,-11708,-70026
786947104,-11618,-70104
787045893,-11612,-70108

788449507,-11576,-70062
788549168,-11346,-69894
788648371,-11054,-69591
788746816,-10676,-69211
788845501,-10264,-68824
788945957,-9823,-68445
789046988,-9383,-68081
789146469,-8940,-67732
789246436,-8494,-67389
789344705,-8070,-67061
789443920,-7645,-66743
789543178,-7228,-66434
789642396,-6822,-66125
789744223,-6399,-65811
789842635,-5972,-65509
789942854,-5529,-65197
790041652,-5087,-64901
790141234,-4650,-64645
790240143,-4219,-64446
790339238,-3788,-64321
790438450,-3361,-64236
790536838,-2968,-64190
790636053,-2685,-64190
790735114,-2529,-64190
790834407,-2511,-64191
790933494,-2447,-64255
791031737,-2263,-64529
791139142,-1949,-64841
791230959,-1628,-65197
791329974,-1278,-65592
791429512,-931,-66007
791527937,-600,-66427
791627424,-269,-66852
791726263,51,-67275
791833855,393,-67733
791933231,724,-68156
792031846,1102,-68581
792131008,1523,-69028
792230377,1963,-69476
792330448,2413,-69932
792429494,2864,-70388
792535581,3343,-70875
792634248,3791,-71323
792733654,4241,-71771
792832801,4696,-72218
792932227,5150,-72672
793032530,5614,-73136
793130791,6065,-73587
793229742,6513,-74039
793332996,6988,-74518
793432382,7447,-74982
793532496,7910,-75446
793630778,8366,-75899
793734984,8847,-76378
793834376,9305,-76828
793936307,9772,-77292
794036959,10231,-77746
794136215,10683,-78194
794235556,11134,-78644
794334638,11575,-79087
794433660,12021,-79527
794531871,12473,-79974
794630866,12929,-80425
794730674,13386,-80878
794830551,13840,-81330
794929182,14293,-81774
795028208,14749,-82217
795127443,15204,-82663
795226591,15660,-83115
795325746,16117,-83569
795457465,16729,-84175
795556480,17184,-84628
795656523,17641,-85085
795755851,18095,-85541
795854969,18547,-85994
795955431,19004,-86445
796021245,19302,-86742
796157745,19926,-87360
796256866,20381,-87801
796356131,20840,-88246
796455469,21296,-88693
796554473,21749,-89142
796653707,22201,-89587
796719530,22504,-89880
796828385,22997,-90361
796927055,23447,-90809
797058970,24052,-91415
797158285,24509,-91869
797257431,24968,-92327
797357381,25431,-92789
797423908,25743,-93095
797555425,26353,-93697
797654864,26812,-94153
797754092,27271,-94609
797854479,27733,-95066
797953809,28184,-95517
798052921,28633,-95961
798151954,29080,-96412
798250971,29522,-96856
798349450,29966,-97297
798448454,30421,-97744
798548443,30864,-98173
798648457,31222,-98497
798748378,31421,-98663
798847501,31485,-98703
798950660,31488,-98703

810808594,31448,-98748
810911246,31271,-98985
811011467,30967,-99232
811110548,30598,-99560
811210707,30206,-99947
811309769,29789,-100359
811408825,29360,-100781
811507841,28908,-101216
811606222,28447,-101658
811705530,27985,-102109
811805785,27517,-102568
811904050,27060,-103023
812003244,26608,-103479
812103487,26153,-103934
812202402,25704,-104387
812302421,25251,-104841
812401463,24821,-105270
812500749,24502,-105598
812599806,24338,-105761
812698803,24310,-105775
812797910,24311,-105771
813002481,24358,-105794
813101531,24515,-106031
813200553,24746,-106331
813299664,25057,-106712
813398535,25379,-107126
813498897,25722,-107571
813597203,26079,-108014
813703072,26512,-108492
813801046,26950,-108922
813900127,27402,-109260
813999364,27859,-109474
814131409,28450,-109685
814231537,28887,-109754
814297754,29167,-109777
814402344,29606,-109776
814534418,30173,-109775
814633398,30607,-109775
814732474,31046,-109775
814831203,31482,-109775
814930817,31921,-109775
815029385,32349,-109775
815128687,32773,-109775
815227846,33177,-109775
815326917,33466,-109775
815425275,33621,-109775
815524509,33638,-109775
815624206,33582,-109800
815723283,33385,-110044
815822651,33063,-110341
815921667,32662,-110713
816020737,32225,-111115
816119826,31823,-111515
816218779,31524,-111818
816317770,31382,-111979
816416850,31380,-112018
816516712,31380,-112012
816648808,31475,-112097
816747882,31698,-112407
816846479,32040,-112724
816945555,32450,-113118
817044501,32876,-113552
817111264,33165,-113858
817246806,33763,-114487
817345821,34201,-114948
817444909,34649,-115412
817543958,35097,-115876
817642900,35544,-116315
817741979,35990,-116647
817840556,36429,-116831
817940329,36871,-116937
818039517,37288,-116960
818139737,37706,-116969
818238793,38124,-116969
818337802,38546,-116969
818436984,38977,-116969
818536055,39404,-116969
818638520,39839,-116969
818737588,40257,-116969
818836627,40681,-116969
818935809,41109,-116969
819035056,41530,-116969
819134982,41947,-116969
819234911,42365,-116969
819334051,42782,-116969
819465834,43337,-116955
819564787,43748,-116828
819663746,44117,-116547
819762779,44384,-116179
819861945,44551,-115785
819927697,44622,-115514
820064662,44652,-114944
820163633,44652,-114527
820262707,44652,-114108
820361729,44652,-113685
820460618,44676,-113257
820560467,44814,-112827
820658584,45042,-112427
820758469,45385,-112106
820858486,45782,-111877
820957433,46191,-111724
821055692,46593,-111616
821154701,46997,-111551
821253727,47397,-111520
821352682,47797,-111520
821454781,48216,-111520
821554379,48642,-111520
821653545,49070,-111520
821751641,49494,-111520
821851408,49926,-111520
821949804,50350,-111520
822048850,50772,-111520
822147803,51188,-111520
822246742,51602,-111520
822345684,52018,-111514
822478406,52580,-111428
822577393,53002,-111343
822676331,53421,-111229
822742805,53699,-111137
822850531,54154,-110988
822948674,54581,-110845
823047812,55008,-110697
823147126,55435,-110548
823278814,55949,-110398
823377758,56220,-110390
823444431,56307,-110390
823553917,56326,-110390
824148824,56324,-110391
824282854,56200,-110519
824381849,55951,-110801
824480823,55621,-111093
824579770,55345,-111359
824679741,55188,-111510
824779704,55180,-111531
824878179,55193,-111531
825076598,55165,-111553
825175586,54990,-111744
825274471,54716,-111995
825373431,54347,-112353
825472486,53971,-112740
825571376,53683,-113023
825671757,53546,-113169
825773870,53542,-113208
825872891,53584,-113279
825971874,53754,-113526
826070858,54004,-113807
826169863,54224,-114032
826269822,54350,-114143
826370720,54371,-114145
826766709,54420,-114089
826865745,54627,-113997
826963940,54918,-113905
827096657,55398,-113782
827195713,55784,-113707
827295654,56192,-113639
827395625,56621,-113576
827494436,57046,-113512
827593464,57470,-113465
827693341,57889,-113426
827791987,58303,-113377
827891135,58719,-113321
827991211,59126,-113289
828096091,59437,-113290
828195008,59577,-113290
828293971,59594,-113290
828592468,59566,-113278
828691595,59370,-113113
828790426,59086,-112825
828889390,58693,-112430
828988356,58251,-112015
829088551,57794,-111572
829195664,57317,-111106
829294743,56977,-110774
829394756,56800,-110613
829494672,56759,-110566
829593653,56752,-110564
829968447,56786,-110597
830072664,56947,-110777
830171708,56996,-110948
830270589,56998,-111059
830402823,56995,-111065
830469963,56995,-111064
830601800,56995,-111059
830799968,56995,-111058
831691618,57020,-111086
831790935,57197,-111214
831890833,57239,-111228
832097647,57237,-111228
832196799,57236,-111228
