198494080,0,-1
264683237,4,-5
264820734,8,-10
264855798,19,-26
264888926,39,-58
264921780,56,-91
264954863,73,-116
264987818,93,-136
265020573,113,-158
265053340,135,-182
265086553,157,-205
265120553,183,-221
265153424,211,-244
265191790,246,-270
265224863,275,-296
265261182,307,-327
265290752,335,-352
265323502,368,-384
265356155,405,-418
265389616,444,-454
265422238,484,-489
265456936,527,-527
265488614,567,-562
265521858,611,-598
265555095,657,-634
265588914,702,-673
265621246,746,-713
265654382,794,-756
265691642,849,-806
265725134,897,-851
265766365,955,-906
265799772,1005,-951
265832880,1055,-995
265865567,1105,-1038
265899067,1157,-1082
265931390,1209,-1127
265964428,1263,-1171
265997434,1316,-1216
266030733,1369,-1264
266063664,1422,-1314
266096943,1475,-1363
266129292,1525,-1408
266162482,1578,-1456
266195665,1633,-1505
266228955,1688,-1554
266261255,1742,-1600
266294460,1798,-1648
266327630,1854,-1699
266360738,1906,-1748
266399382,1966,-1802
266432308,2021,-1851
266465743,2077,-1904
266499074,2132,-1956
266532171,2188,-2005
266565625,2247,-2055
266598690,2302,-2105
266631729,2355,-2154
266664776,2410,-2201
266697453,2465,-2249
266730958,2520,-2302
266763475,2574,-2352
266796829,2632,-2402
266829846,2690,-2452
266862848,2746,-2504
266895838,2802,-2553
266928933,2859,-2601
266962173,2913,-2649
266995832,2968,-2700
267028720,3022,-2750
267061890,3077,-2798
267120600,3172,-2887
267153745,3230,-2938
267186685,3286,-2986
267219557,3340,-3034
267253071,3397,-3085
267285554,3453,-3135
267319249,3508,-3185
267352972,3562,-3233
267385882,3619,-3284
267418789,3675,-3335
267451727,3730,-3384
267485182,3788,-3433
267517614,3847,-3483
267550991,3905,-3537
267583566,3958,-3587
267617851,4015,-3636
267650673,4072,-3686
267683661,4127,-3737
267716606,4181,-3785
267749684,4240,-3833
267782962,4299,-3885
267815537,4355,-3938
267850055,4414,-3992
267882805,4470,-4043
267915379,4524,-4094
267948403,4576,-4143
267981828,4630,-4189
268015343,4686,-4235
268048655,4741,-4284
268081854,4798,-4336
268114836,4857,-4388
268147880,4910,-4437
268180859,4955,-4480
268213940,4997,-4518
268246922,5038,-4552
268280360,5076,-4583
268314037,5109,-4611
268346504,5139,-4632
268379897,5169,-4655
268413163,5196,-4675
268446275,5221,-4698
268479256,5246,-4717
268518646,5273,-4741
268551519,5296,-4762
268584714,5317,-4781
268617945,5339,-4805
268650517,5366,-4832
268683831,5393,-4863
268716591,5422,-4892
268749605,5454,-4920
268782563,5488,-4951
268815415,5522,-4984
268849807,5561,-5019
268883188,5601,-5053
268915443,5641,-5087
268948880,5682,-5123
268981984,5725,-5159
269014586,5768,-5196
269048009,5815,-5237
269080730,5864,-5281
269113486,5908,-5324
269146613,5951,-5366
269179496,5996,-5409
269213552,6046,-5456
269246973,6095,-5504
269280433,6145,-5552
269312771,6197,-5597
269346243,6255,-5645
269378734,6312,-5694
269411854,6369,-5741
269444535,6425,-5786
269477625,6481,-5834
269510643,6535,-5887
269543653,6591,-5943
269576659,6647,-5996
269609758,6701,-6047
269642805,6758,-6101
269675742,6820,-6155
269708795,6881,-6208
269741817,6939,-6260
269774821,7000,-6315
269807792,7063,-6372
269840699,7125,-6428
269873778,7188,-6486
269929413,7303,-6584
269962932,7373,-6641
269995805,7442,-6700
270029304,7510,-6761
270061472,7572,-6818
270094731,7639,-6877
270127901,7706,-6939
270160780,7774,-7000
270194273,7845,-7062
270226561,7913,-7123
270260450,7981,-7185
270294098,8046,-7244
270327333,8111,-7303
270359767,8175,-7362
270392977,8243,-7422
270426298,8310,-7484
270459263,8378,-7546
270491679,8444,-7606
270524687,8510,-7667
270557716,8579,-7731
270590900,8651,-7793
270624208,8722,-7856
270656887,8793,-7920
270690413,8870,-7988
270722731,8948,-8057
270756135,9033,-8135
270788865,9118,-8210
270821564,9202,-8285
270855208,9292,-8366
270889816,9387,-8452
270923243,9482,-8538
270956287,9577,-8623
270988712,9669,-8708
271022313,9763,-8795
271056708,9862,-8882
271089978,9958,-8968
271122666,10055,-9054
271155657,10151,-9142
271188933,10246,-9228
271221988,10339,-9313
271255166,10435,-9399
271288264,10532,-9487
271323504,10636,-9583
271357137,10734,-9672
271389787,10827,-9756
271422831,10920,-9837
271456399,11006,-9913
271489002,11087,-9984
271522166,11163,-10051
271554624,11230,-10109
271587648,11291,-10160
271621409,11344,-10202
271653781,11386,-10230
271686830,11420,-10254
271719936,11446,-10268
271753051,11456,-10282
271785738,11455,-10288
271819049,11455,-10287
271852076,11453,-10286
271884608,11446,-10286
271917787,11435,-10286
271950908,11430,-10286
271983994,11426,-10286
272016721,11422,-10286
272060362,11407,-10286
272093280,11394,-10286
272126373,11392,-10286
272358264,11391,-10286
272423949,11391,-10287
272522811,11389,-10287
272555838,11384,-10288
272589516,11363,-10291
272621650,11336,-10295
272654935,11301,-10308
272688095,11266,-10329
272720692,11235,-10342
272763110,11200,-10367
272796508,11170,-10383
272830452,11133,-10408
272862857,11098,-10428
272895665,11062,-10453
272928875,11025,-10474
272962331,10986,-10498
272995396,10944,-10522
273028391,10901,-10543
273061541,10858,-10566
273096205,10813,-10585
273128072,10775,-10604
273161410,10745,-10610
273193717,10727,-10607
273226958,10716,-10605
273260319,10718,-10604
273293501,10718,-10603
273326088,10720,-10602
273359008,10721,-10602
276650033,10722,-10602
276683655,10725,-10602
276716206,10727,-10603
276749724,10728,-10603
276815463,10729,-10604
276850510,10730,-10604
276884744,10733,-10605
276917247,10740,-10605
276950376,10759,-10606
276983664,10789,-10608
277015928,10823,-10609
277049598,10861,-10611
277082083,10895,-10616
277114958,10921,-10631
277147910,10942,-10652
277181858,10968,-10671
277215059,10996,-10699
277248500,11030,-10732
277281706,11064,-10767
277314831,11097,-10805
277348007,11134,-10849
277380957,11175,-10901
277413918,11220,-10954
277447442,11269,-11007
277480577,11320,-11062
277513772,11377,-11120
277545938,11433,-11175
277581204,11491,-11237
277614640,11540,-11297
277650681,11593,-11363
277683728,11642,-11426
277716471,11689,-11493
277749680,11737,-11564
277781946,11786,-11632
277814939,11839,-11704
277848450,11893,-11778
277881641,11945,-11853
277914072,11996,-11931
277947749,12049,-12014
277980328,12097,-12097
278013445,12145,-12181
278046607,12195,-12264
278084337,12254,-12362
278117714,12305,-12446
278150047,12352,-12529
278183586,12404,-12615
278216194,12455,-12700
278249694,12507,-12785
278282676,12560,-12862
278315599,12617,-12940
278361388,12700,-13048
278394362,12761,-13126
278427447,12826,-13201
278460742,12894,-13273
278493080,12961,-13343
278526072,13033,-13416
278559763,13108,-13494
278592562,13182,-13572
278625411,13260,-13650
278658460,13336,-13730
278691416,13416,-13809
278724610,13499,-13889
278757492,13581,-13971
278790408,13664,-14053
278823058,13745,-14136
278856770,13829,-14219
278889683,13914,-14299
278922620,13999,-14382
278955522,14088,-14467
278988392,14174,-14554
279021278,14261,-14639
279054293,14352,-14728
279087172,14446,-14820
279120580,14543,-14912
279153895,14641,-15007
279186554,14738,-15103
279219933,14841,-15204
279252706,14945,-15303
279285467,15048,-15401
279318776,15155,-15503
279351428,15260,-15607
279384261,15366,-15713
279418060,15476,-15822
279450931,15584,-15931
279483241,15692,-16040
279516097,15801,-16151
279549717,15918,-16265
279582776,16037,-16383
279615661,16155,-16501
279648651,16272,-16616
279681363,16388,-16730
279714949,16512,-16850
279747765,16634,-16970
279780914,16756,-17091
279814818,16883,-17216
279847722,17007,-17339
279880994,17135,-17463
279914417,17263,-17589
279947784,17393,-17718
279980185,17520,-17846
280014072,17653,-17980
280047389,17785,-18113
280080333,17916,-18245
280113798,18050,-18381
280146251,18181,-18512
280179586,18315,-18643
280212108,18441,-18770
280245877,18570,-18899
280278803,18697,-19024
280311659,18821,-19150
280344597,18944,-19276
280377488,19069,-19399
280410471,19196,-19522
280443477,19320,-19648
280476331,19445,-19771
280509998,19576,-19898
280542879,19705,-20022
280575795,19830,-20147
280608240,19952,-20268
280641608,20080,-20395
280675089,20208,-20524
280708640,20335,-20653
280741311,20459,-20777
280774561,20587,-20902
280807776,20714,-21028
280841163,20839,-21155
280875145,20966,-21281
280908477,21094,-21406
280941794,21219,-21532
280974702,21344,-21658
281007419,21471,-21784
281040665,21601,-21913
281073596,21727,-22039
281106458,21852,-22163
281139321,21978,-22286
281175924,22119,-22427
281208963,22246,-22555
281241373,22372,-22679
281274728,22501,-22808
281307278,22626,-22933
281340733,22756,-23062
281374173,22888,-23191
281407916,23019,-23325
281440709,23147,-23453
281473584,23278,-23582
281506508,23408,-23712
281539426,23538,-23842
281572682,23670,-23973
281606034,23804,-24105
281638478,23932,-24234
281671717,24065,-24367
281704954,24200,-24501
281737814,24333,-24635
281770659,24463,-24770
281803590,24595,-24905
281836477,24728,-25039
281877362,24892,-25207
281911145,25028,-25345
281943769,25160,-25477
281976272,25289,-25608
282009670,25420,-25742
282042899,25552,-25874
282075518,25683,-26006
282109083,25816,-26141
282141298,25944,-26269
282174870,26080,-26405
282207953,26212,-26540
282240561,26340,-26672
282273248,26468,-26805
282306675,26599,-26942
282339681,26727,-27076
282373134,26858,-27213
282405330,26985,-27348
282438481,27114,-27484
282471971,27244,-27619
282505113,27375,-27754
282538064,27505,-27891
282574880,27651,-28042
282607443,27781,-28175
282640713,27913,-28312
282673318,28041,-28448
282706544,28174,-28584
282739731,28308,-28721
282772988,28440,-28861
282805522,28568,-28996
282839054,28701,-29133
282872247,28833,-29272
282905284,28962,-29411
282939258,29096,-29551
282972501,29230,-29688
283005735,29363,-29824
283038307,29491,-29959
283071979,29625,-30097
283104408,29755,-30231
283137716,29885,-30369
283170768,30014,-30505
283203658,30145,-30637
283236599,30274,-30769
283269523,30402,-30902
283302529,30532,-31035
283335919,30663,-31166
283369096,30790,-31298
283401852,30915,-31430
283434883,31045,-31565
283467553,31174,-31696
283501254,31304,-31830
283533874,31432,-31963
283566787,31563,-32097
283601601,31699,-32237
283634642,31827,-32371
283667820,31959,-32508
283700785,32091,-32643
283734053,32223,-32778
283766511,32354,-32912
283799947,32488,-33049
283832807,32617,-33181
283865925,32747,-33312
283898755,32877,-33443
283932177,33007,-33578
283965036,33135,-33708
283997782,33262,-33836
284030784,33389,-33968
284063483,33517,-34102
284097114,33649,-34242
284129566,33777,-34376
284162918,33907,-34515
284195492,34033,-34650
284229222,34167,-34788
284261889,34298,-34923
284294704,34431,-35060
284327790,34564,-35196
284360907,34700,-35331
284393409,34834,-35465
284426965,34971,-35606
284459572,35106,-35742
284493410,35246,-35884
284527398,35385,-36028
284560965,35526,-36173
284593831,35664,-36313
284626430,35801,-36454
284659939,35942,-36599
284692677,36082,-36739
284726356,36226,-36884
284759955,36368,-37027
284792881,36509,-37164
284825488,36647,-37300
284859117,36785,-37440
284892010,36921,-37577
284924588,37054,-37712
284957653,37187,-37847
284990658,37323,-37984
285023612,37460,-38122
285056689,37595,-38260
285089720,37732,-38400
285123363,37874,-38542
285156723,38013,-38681
285189956,38148,-38819
285223003,38285,-38957
285255604,38419,-39094
285288986,38554,-39234
285321851,38687,-39370
285355278,38825,-39506
285387839,38960,-39643
285420448,39095,-39781
285453923,39233,-39922
285486421,39366,-40059
285519860,39502,-40200
285553266,39639,-40341
285586320,39776,-40480
285618761,39909,-40617
285651766,40044,-40755
285684535,40180,-40893
285718087,40318,-41033
285751229,40456,-41174
285784036,40594,-41313
285816500,40730,-41450
285849465,40867,-41589
285882772,41006,-41728
285915797,41145,-41865
285948456,41282,-42002
285981517,41420,-42137
286014685,41562,-42274
286047690,41701,-42413
286082571,41847,-42558
286115592,41988,-42695
286149192,42130,-42836
286181881,42266,-42973
286215058,42406,-43110
286248330,42543,-43246
286280793,42671,-43374
286313498,42800,-43500
286346923,42932,-43630
286380276,43063,-43758
286412431,43185,-43879
286445624,43308,-44000
286479353,43432,-44122
286516747,43566,-44256
286549567,43681,-44373
286582591,43797,-44486
286616461,43916,-44602
286650462,44030,-44716
286682892,44130,-44816
286715982,44229,-44912
286749441,44325,-45004
286785082,44418,-45093
286818203,44501,-45172
286850926,44578,-45244
286883556,44651,-45315
286917227,44718,-45387
286949761,44778,-45451
286982977,44837,-45512
287016291,44894,-45572
287048652,44944,-45627
287081718,44996,-45685
287114842,45051,-45740
287147932,45107,-45794
287181008,45170,-45857
287213809,45238,-45926
287247412,45311,-45997
287279671,45386,-46070
287312734,45471,-46152
287345677,45557,-46235
287378518,45644,-46320
287411659,45731,-46406
287445523,45823,-46496
287477896,45915,-46584
287510779,46010,-46673
287544281,46102,-46761
287576654,46180,-46835
287609924,46250,-46901
287643264,46312,-46959
287676421,46364,-47003
287709096,46407,-47033
287742344,46445,-47056
287775182,46468,-47068
287807975,46485,-47082
287840694,46489,-47084
287906860,46486,-47082
287939893,46484,-47081
287972831,46484,-47081
