4768835302,352494,354131
4779309253,352509,354131
4779366870,352553,354131
4779400621,352596,354130
4779433312,352667,354124
4779465904,352752,354109
4779499429,352842,354073
4779532504,352945,354029
4779565604,353076,353984
4779598462,353237,353934
4779630802,353433,353883
4779663845,353674,353837
4779697627,353972,353797
4779730182,354302,353766
4779763047,354661,353749
4779796748,355048,353741
4779828975,355436,353734
4779862632,355855,353729
4779894970,356270,353729
4779928578,356712,353729
4779961624,357155,353729
4779994732,357603,353729
4780027653,358053,353729
4780060707,358507,353729
4780093393,358958,353726
4780125857,359404,353721
4780159505,359864,353718
4780192467,360315,353718
4780225458,360772,353718
4780258390,361229,353718
4780291465,361688,353718
4780324680,362147,353718
4780357885,362607,353719
4780391284,363069,353719
4780424525,363529,353719
4780457821,363987,353719
4780491728,364455,353719
4780524869,364913,353719
4780558652,365382,353719
4780591803,365845,353719
4780624531,366297,353719
4780657194,366745,353719
4780689924,367196,353719
4780723834,367669,353719
4780757884,368143,353719
4780791885,368614,353719
4780825002,369073,353719
4780858389,369535,353719
4780891689,369999,353719
4780924917,370460,353719
4780958477,370927,353719
4780991708,371389,353719
4781024541,371847,353719
4781057803,372314,353719
4781090743,372772,353719
4781123176,373220,353719
4781156541,373682,353719
4781198991,374271,353719
4781232271,374733,353719
4781265287,375195,353719
4781298615,375665,353719
4781331449,376129,353719
4781364591,376596,353719
4781397463,377058,353719
4781430131,377516,353719
4781462927,377974,353719
4781496079,378438,353719
4781529219,378906,353720
4781562450,379372,353725
4781595452,379832,353729
4781628874,380298,353733
4781661155,380750,353749
4781694490,381218,353791
4781727750,381682,353847
4781760342,382135,353920
4781793821,382601,354018
4781826796,383061,354141
4781860311,383530,354293
4781893531,383994,354479
4781926790,384458,354702
4781959923,384918,354973
4781991984,385363,355280
4782025731,385833,355640
4782058636,386289,356016
4782091662,386747,356417
4782124234,387201,356836
4782157232,387664,357278
4782190776,388136,357738
4782223744,388602,358199
4782256474,389066,358663
4782289781,389538,359140
4782322977,390011,359620
4782356742,390492,360112
4782388985,390953,360585
4782422616,391431,361082
4782455275,391892,361566
4782488484,392360,362056
4782521889,392829,362552
4782554753,393291,363041
4782605787,394015,363804
4782638719,394486,364300
4782671878,394959,364798
4782704558,395426,365290
4782737616,395898,365791
4782770656,396368,366292
4782804770,396847,366806
4782836720,397283,367284
4782869848,397717,367782
4782902517,398128,368277
4782935055,398524,368770
4782968600,398917,369277
4783001786,399300,369777
4783034805,399682,370273
4783067753,400053,370768
4783100882,400418,371265
4783133106,400776,371748
4783166977,401160,372258
4783200565,401542,372762
4783233768,401920,373258
4783266750,402295,373751
4783300158,402679,374256
4783333321,403088,374757
4783366542,403512,375258
4783399879,403926,375758
4783432440,404327,376239
4783465339,404744,376721
4783498863,405182,377211
4783532063,405615,377692
4783565009,406033,378158
4783598983,406455,378630
4783632154,406859,379092
4783665511,407248,379573
4783698163,407614,380054
4783731443,407975,380537
4783764646,408324,381015
4783797986,408666,381498
4783830578,408990,381981
4783863807,409299,382480
4783897045,409581,382981
4783929253,409828,383467
4783962901,410056,383977
4783996451,410244,384488
4784029680,410381,384984
4784062884,410482,385458
4784096011,410560,385907
4784129011,410611,386334
4784161733,410639,386738
4784194949,410649,387131
4784227660,410649,387504
4784260309,410649,387865
4784293239,410649,388218
4784326719,410649,388555
4784359478,410649,388852
4784392249,410649,389119
4784425982,410649,389358
4784458893,410649,389545
4784491954,410649,389682
4784525041,410649,389782
4784557537,410649,389854
4784590921,410649,389898
4784624088,410649,389914
4784657182,410649,389924
4784690833,410649,389930
4784724064,410649,389930
4784894951,410650,389927
4784927690,410660,389921
4784960901,410691,389902
4784993434,410741,389863
4785026786,410817,389808
4785059594,410908,389732
4785092816,411005,389628
4785125512,411120,389501
4785159033,411262,389349
4785191839,411426,389181
4785224494,411604,388996
4785257756,411786,388802
4785290774,411957,388617
4785323929,412119,388441
4785357075,412268,388278
4785389425,412404,388135
4785422419,412535,388003
4785460249,412677,387870
4785488822,412767,387787
4785521851,412845,387721
4785554826,412893,387688
4785587778,412920,387669
4785620456,412938,387642
4785653386,412955,387620
4785686931,412961,387607
4785719791,412959,387607
4785752717,412958,387608
4785983630,412958,387611
4786016884,412958,387612
4786049276,412958,387613
4786116204,412960,387615
4786149064,412966,387618
4786181286,412978,387622
4786215260,413003,387635
4786248570,413031,387659
4786282212,413060,387679
4786315625,413087,387695
4786349249,413111,387701
4786382897,413132,387713
4786415546,413155,387735
4786448843,413182,387757
4786481899,413212,387780
4786514498,413244,387802
4786547490,413280,387838
4786580497,413317,387881
4786613473,413359,387926
4786646855,413407,387974
4786680040,413458,388026
4786713081,413509,388083
4786745895,413562,388138
4786778353,413617,388192
4786811849,413674,388249
4786845293,413731,388307
4786879306,413793,388364
4786912270,413852,388421
4786945251,413909,388483
4786978992,413967,388543
4787011718,414026,388602
4787045332,414087,388666
4787078931,414148,388734
4787111331,414207,388797
4787146333,414271,388867
4787180124,414332,388935
4787212663,414390,389001
4787246233,414450,389073
4787278788,414507,389144
4787311590,414562,389217
4787344623,414611,389300
4787377412,414656,389383
4787411094,414701,389474
4787443752,414741,389571
4787476823,414780,389670
4787509665,414818,389773
4787542493,414852,389888
4787576126,414881,390013
4787608863,414902,390138
4787641580,414924,390267
4787674399,414946,390405
4787707811,414973,390550
4787740769,414995,390694
4787773822,415010,390840
4787806821,415023,390986
4787839697,415044,391134
4787872649,415058,391285
4787905961,415071,391438
4787939033,415083,391591
4787972132,415085,391745
4788004879,415089,391892
4788037767,415103,392030
4788070733,415129,392157
4788103447,415157,392270
4788136414,415185,392372
4788169739,415214,392465
4788203164,415245,392550
4788236811,415274,392627
4788269746,415302,392697
4788302555,415331,392762
4788335997,415361,392821
4788368537,415390,392874
4788401842,415421,392922
4788434483,415451,392961
4788467694,415478,392996
4788500735,415501,393027
4788533606,415524,393056
4788566570,415542,393080
4788600075,415565,393099
4788633361,415591,393110
4788665646,415625,393134
4788699401,415659,393158
4788733314,415690,393188
4788766410,415733,393235
4788799963,415794,393298
4788833168,415862,393361
4788866199,415936,393430
4788898825,416019,393510
4788932494,416113,393602
4788966123,416211,393698
4788999404,416308,393793
4789032786,416404,393893
4789066339,416504,393995
4789098836,416606,394097
4789131467,416712,394202
4789172195,416843,394338
4789204689,416948,394449
4789238274,417062,394566
4789271153,417177,394682
4789303850,417293,394798
4789336638,417406,394916
4789370348,417526,395035
4789403412,417645,395155
4789435974,417762,395273
4789468688,417878,395390
4789502479,417998,395511
4789535334,418117,395629
4789567631,418234,395746
4789601440,418356,395866
4789636991,418485,395995
4789669865,418604,396116
4789702871,418725,396235
4789736422,418848,396358
4789768921,418967,396476
4789801485,419087,396594
4789835360,419212,396717
4789867715,419331,396834
4789900895,419452,396953
4789934233,419570,397073
4789966511,419686,397189
4789999815,419805,397307
4790032535,419922,397422
4790066129,420041,397541
4790098658,420157,397656
4790131974,420276,397770
4790165399,420386,397875
4790198150,420485,397970
4790231361,420578,398060
4790263781,420659,398137
4790296671,420730,398201
4790329739,420789,398253
4790367386,420841,398296
4790399582,420872,398314
4790433362,420892,398323
4790466546,420903,398333
4790499937,420918,398335
4790533257,420922,398335
4790566395,420920,398334
4790599415,420918,398333
4790632418,420918,398332
4791391425,420915,398333
4791423668,420905,398335
4791456834,420887,398349
4791489578,420848,398394
4791522796,420799,398465
4791555938,420747,398549
4791588909,420684,398630
4791621692,420612,398698
4791655136,420548,398770
4791688337,420498,398857
4791720621,420461,398958
4791754649,420438,399087
4791788428,420430,399235
4791820737,420434,399390
4791854171,420436,399574
4791887445,420438,399779
4791919849,420440,399989
4791953450,420440,400221
4791986529,420440,400462
4792019587,420440,400712
4792053574,420440,400976
4792086722,420440,401237
4792120606,420443,401509
4792154454,420450,401785
4792186645,420463,402048
4792219835,420483,402322
4792252923,420502,402599
4792286489,420526,402882
4792318827,420554,403161
4792352379,420603,403464
4792385065,420668,403762
4792417711,420747,404061
4792451473,420842,404369
4792484226,420936,404670
4792516831,421052,404980
4792549792,421200,405318
4792582747,421383,405672
4792616293,421600,406042
4792648987,421846,406428
4792681854,422138,406836
4792715570,422480,407273
4792748064,422839,407710
4792780677,423222,408161
4792814095,423633,408631
4792847607,424060,409106
4792881137,424500,409589
4792913768,424938,410067
4792947439,425395,410564
4792979943,425840,411045
4793013715,426307,411547
4793047463,426778,412053
4793080225,427234,412544
4793112906,427687,413030
4793145852,428148,413522
4793179315,428618,414026
4793211876,429071,414515
4793245662,429540,415020
4793278418,430000,415507
4793310777,430453,415991
4793351576,431018,416604
4793384262,431469,417095
4793416772,431912,417582
4793450535,432355,418087
4793483034,432767,418574
4793516761,433183,419083
4793550379,433587,419595
4793583219,433972,420096
4793616080,434348,420599
4793648842,434716,421099
4793681748,435077,421597
4793715403,435438,422101
4793748411,435784,422596
4793781269,436123,423092
4793813867,436456,423586
4793848060,436804,424102
4793881105,437137,424594
4793913961,437468,425084
4793946779,437796,425579
4793980394,438130,426087
4794013594,438457,426589
4794045862,438773,427076
4794078816,439095,427573
4794115516,439453,428128
4794147916,439769,428618
4794181416,440096,429125
4794214486,440418,429627
4794246824,440734,430121
4794280226,441058,430629
4794313635,441382,431131
4794346234,441696,431619
4794378843,442013,432113
4794412621,442342,432628
4794445368,442659,433122
4794477784,442972,433608
4794510877,443293,434105
4794543948,443616,434605
4794579569,443963,435143
4794612489,444290,435636
4794644810,444633,436118
4794678091,445001,436619
4794711483,445372,437124
4794743958,445737,437614
4794777117,446124,438118
4794810167,446521,438626
4794842775,446912,439128
4794876074,447308,439639
4794909528,447713,440147
4794941954,448111,440639
4794975591,448526,441152
4795007942,448927,441646
4795041593,449344,442158
4795073933,449745,442650
4795106781,450150,443149
4795144048,450609,443714
4795177759,451025,444225
4795211617,451443,444742
4795244065,451844,445239
4795277613,452259,445751
4795310057,452657,446246
4795343407,453047,446755
4795376740,453418,447265
4795409930,453774,447775
4795443328,454120,448287
4795476638,454454,448798
4795508947,454768,449290
4795542775,455084,449802
4795575651,455378,450303
4795608172,455654,450801
4795640853,455916,451299
4795674515,456172,451808
4795707801,456417,452311
4795741569,456653,452823
4795774481,456870,453320
4795807688,457077,453820
4795840534,457272,454314
4795873544,457462,454812
4795906442,457642,455311
4795939255,457811,455808
4795972839,457971,456313
4796006592,458119,456823
4796039320,458253,457321
4796072721,458383,457826
4796105033,458506,458309
4796138493,458628,458810
4796170895,458740,459298
4796204507,458851,459804
4796237429,458957,460296
4796270157,459059,460783
4796303781,459161,461285
4796336692,459261,461774
4796369597,459360,462264
4796402509,459457,462753
4796435259,459550,463238
4796468178,459642,463727
4796501881,459735,464228
4796535623,459826,464734
4796568414,459914,465228
4796601076,460000,465720
4796634756,460090,466224
4796667517,460175,466713
4796700158,460261,467199
4796733840,460356,467701
4796766554,460458,468186
4796798946,460561,468668
4796832426,460669,469167
4796865384,460771,469659
4796898782,460878,470154
4796931643,460987,470643
4796964882,461102,471145
4796998465,461216,471655
4797031278,461336,472151
4797064916,461471,472656
4797098845,461611,473168
4797131578,461751,473663
4797164569,461909,474164
4797197381,462081,474663
4797230114,462266,475160
4797263903,462478,475672
4797297752,462716,476183
4797330591,462980,476675
4797363352,463282,477160
4797396165,463622,477643
4797429691,463996,478143
4797462395,464381,478633
4797495792,464793,479135
4797528876,465215,479630
4797562267,465651,480128
4797595724,466096,480629
4797628367,466539,481120
4797661878,467000,481624
4797695747,467469,482134
4797728167,467915,482622
4797761546,468359,483123
4797794282,468775,483616
4797827757,469184,484125
4797860494,469569,484623
4797893607,469945,485127
4797926560,470306,485628
4797959936,470665,486132
4797993657,471018,486641
4798026602,471347,487142
4798059931,471661,487650
4798093658,471965,488161
4798126133,472247,488650
4798159338,472524,489149
4798192581,472788,489649
4798225783,473041,490153
4798258979,473285,490652
4798292606,473523,491156
4798325432,473748,491653
4798358779,473968,492160
4798391780,474180,492663
4798424399,474384,493159
4798457057,474583,493654
4798490853,474784,494167
4798523722,474981,494662
4798556543,475192,495158
4798589163,475418,495648
4798622877,475671,496152
4798655647,475927,496642
4798688366,476205,497131
4798721825,476531,497628
4798754660,476882,498115
4798806512,477476,498887
4798839371,477874,499371
4798872664,478297,499844
4798905253,478726,500286
4798938820,479179,500719
4798971365,479626,501123
4799004850,480088,501522
4799037781,480543,501901
4799070639,481003,502270
4799103137,481462,502627
4799136658,481936,502969
4799169926,482406,503285
4799202713,482867,503580
4799235857,483332,503862
4799268383,483785,504126
4799301920,484254,504385
4799334518,484713,504627
4799368033,485188,504863
4799401720,485667,505095
4799434705,486137,505330
4799468066,486606,505586
4799501755,487074,505868
4799534162,487521,506171
4799567800,487971,506514
4799600261,488387,506856
4799633555,488795,507229
4799666940,489191,507618
4799699347,489562,508014
4799732783,489937,508441
4799765536,490302,508876
4799798929,490668,509333
4799831413,491008,509791
4799864845,491342,510271
4799897527,491654,510747
4799930234,491957,511225
4799963992,492266,511724
4799996414,492562,512210
4800029600,492856,512700
4800062331,493137,513161
4800095831,493418,513608
4800128431,493684,514022
4800161843,493943,514427
4800194989,494186,514810
4800227955,494414,515176
4800260575,494634,515530
4800293752,494851,515885
4800327046,495058,516224
4800359328,495246,516524
4800392875,495425,516806
4800425250,495586,517060
4800458635,495743,517305
4800491380,495889,517529
4800524805,496031,517740
4800557425,496160,517934
4800590977,496280,518120
4800623717,496390,518290
4800656242,496496,518450
4800689746,496606,518603
4800722378,496716,518744
4800755932,496835,518886
4800788761,496966,519034
4800821499,497116,519201
4800854304,497276,519390
4800887284,497430,519593
4800921005,497594,519787
4800954122,497773,519954
4800986744,497965,520132
4801019348,498166,520329
4801052558,498377,520542
4801085660,498585,520756
4801118885,498798,520968
4801151640,499009,521176
4801184648,499212,521375
4801217444,499404,521560
4801250563,499584,521733
4801283346,499751,521891
4801316519,499911,522039
4801349661,500061,522175
4801382314,500190,522291
4801415865,500285,522377
4801448530,500352,522434
4801482117,500413,522489
4801514879,500456,522528
4801548119,500481,522540
4801580873,500485,522540
4801613888,500482,522540
4801646631,500478,522540
4801679986,500477,522540
4801713005,500478,522543
4801745374,500482,522556
4801778663,500499,522580
4801811540,500542,522629
4801844727,500614,522708
4801877746,500703,522814
4801910823,500796,522926
4801943893,500907,523019
4801977205,501042,523140
4802010688,501217,523297
4802043693,501431,523469
4802076364,501682,523653
4802139919,502289,524033
4802173235,502657,524243
4802205836,503043,524456
4802239043,503458,524678
4802271525,503878,524899
4802306629,504342,525141
4802339595,504785,525370
4802372995,505239,525603
4802405533,505682,525830
4802438850,506141,526064
4802471751,506597,526294
4802504670,507056,526525
4802538282,507523,526759
4802572076,507994,526995
4802604901,508452,527226
4802637555,508910,527463
4802670445,509369,527717
4802704258,509840,527986
4802736879,510297,528247
4802769756,510758,528517
4802802452,511220,528795
4802835977,511691,529092
4802868804,512149,529393
4802901512,512606,529696
4802935122,513078,530022
4802967797,513538,530356
4803000619,513994,530692
4803033470,514448,531045
4803066692,514909,531435
4803099919,515375,531840
4803133113,515842,532253
4803165551,516296,532667
4803199208,516768,533108
4803231766,517226,533542
4803264539,517688,533985
4803298237,518165,534444
4803330855,518624,534892
4803364109,519091,535352
4803396761,519550,535806
4803429436,520002,536262
4803463141,520467,536730
4803495850,520924,537190
4803528514,521384,537652
4803562265,521861,538130
4803595085,522326,538596
4803627425,522783,539050
4803661216,523260,539501
4803694058,523722,539917
4803726819,524185,540313
4803759421,524646,540691
4803793431,525124,541071
4803826530,525586,541430
4803859788,526052,541788
4803893297,526524,542152
4803925991,526986,542495
4803958536,527444,542821
4803991883,527912,543141
4804024743,528375,543445
4804057611,528839,543742
4804090482,529303,544032
4804124123,529777,544326
4804156567,530233,544603
4804189850,530700,544874
4804222734,531161,545123
4804255688,531620,545357
4804288926,532083,545575
4804321833,532543,545777
4804354463,533000,545967
4804387500,533460,546159
4804421428,533932,546355
4804455378,534408,546542
4804488419,534870,546710
4804522177,535343,546870
4804554587,535795,547015
4804587828,536258,547157
4804620981,536719,547290
4804653519,537172,547410
4804686889,537638,547527
4804719846,538092,547634
4804752763,538542,547734
4804785724,538997,547827
4804818595,539457,547917
4804851649,539923,548005
4804884583,540384,548092
4804917558,540843,548176
4804951256,541314,548266
4804984042,541771,548370
4805016847,542227,548494
4805049519,542678,548631
4805083108,543142,548769
4805115698,543590,548924
4805148730,544044,549114
4805181832,544503,549340
4805215099,544963,549606
4805247917,545413,549905
4805281391,545875,550239
4805314041,546330,550587
4805346893,546789,550953
4805379851,547250,551334
4805412739,547712,551727
4805446378,548186,552135
4805479080,548643,552535
4805511495,549095,552937
4805544860,549562,553357
4805578503,550035,553784
4805612238,550511,554214
4805644679,550964,554627
4805678338,551431,555054
4805710843,551887,555471
4805744390,552360,555898
4805777145,552824,556292
4805810194,553291,556670
4805842849,553751,557026
4805876470,554225,557377
4805909744,554695,557708
4805943063,555164,558029
4805976667,555636,558346
4806009849,556101,558654
4806043133,556563,558945
4806075663,557013,559203
4806122438,557668,559541
4806155033,558128,559754
4806187710,558589,559947
4806220804,559054,560125
4806254088,559521,560291
4806287345,559987,560444
4806319719,560439,560578
4806353048,560903,560703
4806385597,561358,560815
4806419318,561830,560920
4806451848,562285,561010
4806485348,562753,561097
4806517910,563206,561170
4806551975,563679,561234
4806584746,564135,561285
4806617922,564597,561325
4806651374,565061,561356
4806683602,565509,561380
4806716943,565972,561404
4806750071,566430,561419
4806783534,566890,561436
4806816970,567348,561447
4806850440,567809,561447
4806882971,568258,561447
4806916496,568721,561447
4806949890,569181,561447
4806983450,569645,561447
4807015917,570092,561447
4807048792,570547,561449
4807082480,571014,561456
4807114938,571464,561470
4807148186,571924,561486
4807180944,572377,561515
4807213713,572831,561561
4807247170,573290,561617
4807280423,573741,561684
4807314965,574209,561770
4807348459,574663,561867
4807380632,575104,561980
4807413850,575562,562114
4807446989,576023,562257
4807480010,576485,562404
4807513540,576950,562554
4807546949,577414,562712
4807580088,577878,562890
4807612826,578335,563083
4807646010,578797,563284
4807678769,579250,563488
4807711797,579711,563708
4807744703,580170,563939
4807777657,580629,564187
4807810841,581089,564456
4807843716,581545,564753
4807877565,582014,565088
4807910928,582479,565440
4807944225,582943,565815
4807979811,583439,566253
4808013126,583905,566680
4808045707,584362,567112
4808078870,584827,567564
4808112198,585291,568027
4808144920,585747,568492
4808178528,586218,568974
4808211624,586682,569451
4808244666,587145,569932
4808278293,587616,570424
4808311073,588077,570907
4808344410,588546,571400
4808377167,589006,571886
4808410252,589473,572379
4808443360,589942,572877
4808475942,590401,573367
4808508879,590866,573862
4808542502,591341,574370
4808575243,591801,574866
4808608597,592272,575372
4808642199,592746,575881
4808674964,593204,576379
4808708293,593671,576886
4808741893,594142,577395
4808775367,594613,577900
4808808352,595080,578402
4808841634,595550,578912
4808874791,596016,579413
4808907999,596484,579915
4808941080,596947,580414
4808974246,597413,580915
4809006977,597873,581409
4809040485,598344,581913
4809073234,598805,582408
4809105816,599263,582902
4809139216,599728,583407
4809171966,600186,583903
4809205436,600654,584413
4809238525,601110,584913
4809270994,601543,585386
4809304529,601977,585854
4809342928,602459,586370
4809376560,602868,586799
4809409153,603253,587198
4809442511,603636,587591
4809474902,603996,587969
4809508435,604352,588361
4809541714,604682,588726
4809575468,604989,589066
4809607885,605256,589365
4809641340,605506,589647
4809674175,605722,589888
4809707688,605899,590087
4809740395,606022,590226
4809772946,606114,590326
4809806628,606182,590400
4809839379,606221,590441
4809871880,606241,590455
4809905136,606245,590463
4809938683,606245,590469
4809971439,606245,590471
4810003816,606245,590472
4810037280,606252,590479
4810070257,606281,590503
4810103702,606336,590559
4810136736,606416,590643
4810169788,606515,590758
4810203090,606617,590888
4810236410,606729,590994
4810269549,606836,591099
4810301922,606947,591207
4810335640,607060,591318
4810368400,607163,591414
4810400838,607259,591501
4810434391,607355,591583
4810467145,607443,591657
4810501297,607531,591729
4810534723,607612,591797
4810567519,607692,591870
4810600010,607780,591957
4810633742,607887,592067
4810668977,608016,592204
4810702486,608142,592342
4810734865,608276,592469
4810768605,608438,592628
4810801523,608636,592828
4810834521,608857,593048
4810867732,609081,593271
4810899892,609292,593481
4810935698,609520,593705
4810968456,609717,593898
4811004979,609927,594101
4811038584,610112,594274
4811070976,610282,594430
4811104461,610447,594581
4811137747,610592,594715
4811169944,610698,594817
4811203609,610775,594896
4811236783,610838,594957
4811269959,610893,595005
4811303749,610926,595032
4811336801,610934,595041
4811370486,610934,595040
4811436642,610934,595039
4811469867,610934,595038
4811503812,610935,595039
4811536931,610948,595044
4811569842,610982,595072
4811602962,611041,595128
4811636259,611121,595214
4811669563,611210,595329
4811702782,611305,595453
4811736345,611422,595569
4811769513,611563,595712
4811802570,611748,595894
4811835433,611966,596110
4811868709,612221,596365
4811901722,612518,596657
4811934414,612853,596987
4811966909,613212,597345
4812000651,613612,597746
4812033420,614021,598162
4812066170,614443,598595
4812099289,614882,599046
4812131962,615318,599497
4812165512,615770,599965
4812198786,616224,600438
4812231366,616675,600913
4812264606,617138,601404
4812297838,617601,601897
4812331553,618073,602404
4812364085,618528,602892
4812397710,618998,603397
4812430762,619462,603891
4812463768,619927,604384
4812496568,620392,604877
4812529753,620860,605376
4812562198,621316,605863
4812595143,621780,606357
4812628727,622250,606861
4812661348,622707,607352
4812694489,623172,607852
4812727809,623639,608352
4812760624,624096,608845
4812792979,624550,609327
4812826303,625019,609830
4812859570,625489,610334
4812892367,625951,610831
4812925767,626419,611330
4812958865,626884,611832
4812991994,627351,612338
4813025130,627817,612845
4813058536,628284,613349
4813091943,628752,613855
4813125912,629224,614370
4813159819,629694,614882
4813192755,630153,615379
4813225586,630615,615874
4813258199,631075,616369
4813291085,631538,616866
4813324825,632014,617376
4813357494,632477,617876
4813393687,632987,618426
4813426593,633451,618926
4813459763,633918,619432
4813492045,634372,619921
4813525609,634845,620436
4813558411,635309,620939
4813591788,635780,621460
4813624389,636237,621958
4813657600,636699,622456
4813690843,637164,622956
4813723913,637630,623462
4813757488,638104,623978
4813790675,638574,624487
4813823201,639034,624986
4813856590,639502,625492
4813890009,639967,626002
4813923532,640434,626506
4813956980,640904,627018
4813990520,641377,627534
4814023922,641842,628040
4814056526,642296,628531
4814089962,642765,629039
4814123442,643235,629553
4814156868,643705,630066
4814189539,644165,630564
4814222159,644623,631057
4814255327,645088,631560
4814288575,645558,632065
4814321676,646026,632569
4814354911,646495,633077
4814387365,646947,633571
4814420499,647404,634070
4814453666,647862,634570
4814486885,648315,635073
4814519455,648759,635575
4814552851,649208,636082
4814585725,649635,636578
4814618545,650048,637072
4814651518,650454,637571
4814684288,650844,638072
4814717653,651229,638588
4814750601,651598,639098
4814783676,651954,639609
4814817073,652299,640119
4814850597,652628,640631
4814883720,652930,641138
4814916941,653207,641646
4814952967,653480,642195
4814985506,653705,642691
4815018351,653915,643188
4815051803,654109,643694
4815084453,654282,644186
4815117769,654450,644688
4815150761,654609,645188
4815183978,654755,645692
4815216469,654887,646182
4815249170,655012,646671
4815282382,655134,647178
4815315433,655247,647683
4815348424,655353,648189
4815381256,655449,648686
4815414410,655539,649187
4815447776,655622,649696
4815480274,655701,650187
4815513650,655779,650690
4815546563,655853,651187
4815579940,655917,651688
4815612225,655972,652173
4815645757,656023,652674
4815678964,656069,653168
4815712089,656112,653661
4815744568,656152,654146
4815777809,656187,654644
4815811098,656218,655139
4815843461,656252,655622
4815876736,656292,656122
4815909240,656334,656612
4815942750,656386,657115
4815975539,656455,657607
4816008798,656540,658105
4816041498,656624,658594
4816075096,656717,659096
4816107714,656827,659575
4816140969,656965,660068
4816173962,657126,660561
4816206451,657299,661051
4816239765,657494,661548
4816272243,657706,662031
4816305712,657939,662531
4816338388,658176,663022
4816385090,658532,663730
4816417624,658788,664222
4816450991,659055,664725
4816483412,659317,665218
4816516601,659588,665723
4816549787,659860,666235
4816583001,660132,666743
4816615447,660400,667234
4816648898,660681,667748
4816681584,660954,668249
4816714676,661231,668754
4816747541,661509,669256
4816780638,661789,669761
4816813706,662067,670265
4816846841,662345,670764
4816879436,662620,671253
4816912670,662901,671755
4816945810,663183,672266
4816979188,663466,672774
4817012689,663746,673279
4817045308,664018,673767
4817082810,664334,674336
4817115523,664609,674837
4817149090,664890,675352
4817181796,665164,675851
4817214923,665438,676353
4817248140,665714,676853
4817280973,665989,677346
4817313614,666265,677836
4817347128,666548,678341
4817379696,666823,678833
4817412337,667099,679329
4817445758,667380,679827
4817478393,667652,680314
4817512177,667936,680822
4817544788,668211,681315
4817577630,668488,681813
4817610397,668765,682309
4817644056,669054,682815
4817676799,669354,683307
4817709604,669684,683801
4817742516,670044,684295
4817775408,670424,684791
4817811378,670861,685332
4817844828,671282,685839
4817877667,671707,686331
4817910782,672143,686823
4817943956,672588,687321
4817976569,673030,687811
4818009849,673482,688313
4818042875,673933,688808
4818075503,674382,689295
4818108950,674847,689798
4818142213,675308,690300
4818174795,675745,690793
4818208390,676180,691297
4818241610,676594,691797
4818274780,676991,692303
4818307916,677376,692805
4818341087,677755,693310
4818373522,678120,693806
4818406761,678490,694315
4818440086,678854,694823
4818472685,679203,695314
4818505755,679550,695812
4818538797,679891,696310
4818571868,680229,696812
4818604991,680566,697314
4818638335,680914,697816
4818671887,681289,698315
4818705336,681681,698813
4818738880,682079,699316
4818771962,682464,699809
4818804703,682849,700299
4818837932,683252,700796
4818871194,683666,701298
4818904397,684085,701795
4818937799,684506,702293
4818971204,684934,702796
4819003504,685354,703287
4819037075,685796,703800
4819069690,686227,704301
4819103289,686676,704808
4819135963,687118,705303
4819168636,687564,705801
4819202202,688024,706320
4819234651,688470,706812
4819267815,688927,707310
4819301011,689386,707811
4819333413,689834,708297
4819366655,690297,708799
4819399856,690759,709301
4819433326,691224,709806
4819466828,691689,710309
4819500271,692154,710819
4819532709,692608,711313
4819565995,693077,711823
4819598562,693537,712332
4819631889,694005,712844
4819664545,694459,713339
4819698079,694924,713841
4819730664,695379,714343
4819764271,695850,714854
4819796933,696306,715352
4819829587,696756,715844
4819863137,697220,716348
4819895797,697677,716842
4819930902,698169,717381
4819964098,698632,717887
4819996591,699086,718388
4820029714,699549,718889
4820062654,700010,719387
4820095668,700472,719884
4820128907,700937,720384
4820161747,701394,720880
4820194743,701837,721361
4820227744,702259,721819
4820261402,702669,722263
4820295083,703064,722686
4820327650,703436,723076
4820360992,703811,723458
4820394139,704182,723828
4820426617,704539,724180
4820459963,704889,724512
4820492579,705209,724801
4820525942,705511,725065
4820558750,705790,725286
4820591738,706050,725459
4820624949,706287,725584
4820658395,706487,725671
4820690858,706637,725726
4820724158,706747,725752
4820757475,706824,725751
4820790782,706877,725732
4820824007,706898,725691
4820856508,706898,725638
4820889717,706898,725584
4820923119,706898,725537
4820957060,706898,725501
4820989721,706898,725481
4821023388,706898,725481
4821055753,706898,725484
4821088828,706898,725487
4821122388,706898,725487
4821155236,706896,725487
4821188476,706880,725485
4821221637,706846,725478
4821254571,706804,725452
4821287702,706770,725419
4821321536,706731,725379
4821355362,706687,725338
4821387680,706652,725309
4821420918,706630,725289
4821459450,706626,725285
4821491749,706629,725286
4821524915,706630,725286
4821558209,706633,725286
4821590871,706634,725286
4821656755,706632,725287
4821689836,706632,725288
4822416504,706636,725290
4822465865,706654,725308
4822503006,706694,725351
4822535819,706751,725412
4822568994,706833,725498
4822601895,706924,725608
4822635237,707020,725719
4822668496,707135,725834
4822700924,707277,725976
4822734474,707465,726165
4822766767,707678,726377
4822800452,707939,726639
4822832925,708238,726934
4822866474,708583,727279
4822899056,708948,727643
4822932510,709348,728043
4822964921,709753,728458
4822998457,710186,728904
4823031033,710618,729347
4823064470,711070,729814
4823096648,711513,730275
4823129831,711974,730758
4823162984,712435,731244
4823196478,712899,731732
4823228933,713347,732206
4823262483,713814,732701
4823294664,714266,733181
4823328001,714732,733681
4823361523,715200,734182
4823393831,715650,734664
4823427408,716119,735165
4823459829,716573,735649
4823493236,717044,736149
4823536218,717651,736796
4823569537,718119,737296
4823601862,718571,737778
4823635136,719038,738275
4823668503,719507,738779
4823700983,719961,739272
4823734497,720430,739780
4823766855,720878,740267
4823800267,721343,740771
4823832882,721800,741262
4823866349,722272,741768
4823898880,722733,742265
4823932457,723207,742774
4823964996,723663,743264
4823998168,724123,743757
4824031241,724584,744253
4824064563,725051,744755
4824096890,725504,745243
4824130311,725971,745744
4824162842,726424,746229
4824196188,726891,746729
4824229568,727357,747231
4824261744,727807,747719
4824295051,728275,748226
4824327981,728735,748725
4824361167,729196,749226
4824394540,729664,749731
4824426927,730120,750222
4824459940,730583,750722
4824493240,731047,751225
4824525891,731500,751717
4824559422,731969,752215
4824591841,732422,752678
4824625386,732892,753135
4824658494,733356,753564
4824691295,733814,753969
4824723816,734267,754354
4824757287,734737,754734
4824789981,735202,755099
4824834494,735831,755587
4824867222,736293,755919
4824899769,736751,756217
4824933231,737223,756499
4824966479,737692,756757
4824999739,738161,756990
4825032895,738624,757200
4825066666,739093,757396
4825100237,739564,757577
4825132709,740022,757738
4825165743,740487,757885
4825199154,740955,758023
4825231819,741414,758155
4825265480,741890,758284
4825298138,742349,758412
4825331155,742809,758559
4825364407,743273,758729
4825397714,743739,758915
4825430827,744202,759104
4825464004,744666,759269
4825497305,745127,759422
4825530804,745589,759591
4825564204,746056,759773
4825596769,746515,759958
4825631271,746998,760159
4825664240,747458,760350
4825697483,747922,760545
4825729805,748376,760736
4825763330,748846,760937
4825796008,749303,761130
4825828951,749761,761327
4825865422,750272,761546
4825897947,750729,761741
4825931427,751197,761941
4825964033,751652,762137
4825997403,752119,762338
4826029790,752575,762535
4826062834,753042,762736
4826096498,753516,762940
4826130280,753986,763139
4826163725,754451,763336
4826196262,754909,763531
4826229605,755378,763734
4826262031,755830,763931
4826294981,756289,764132
4826328318,756755,764335
4826361655,757218,764538
4826393924,757669,764733
4826427429,758139,764936
4826460267,758602,765136
4826493213,759067,765339
4826526511,759540,765543
4826559057,760002,765744
4826591927,760464,765946
4826625289,760930,766152
4826660899,761430,766373
4826694497,761904,766583
4826726947,762360,766786
4826760456,762827,766994
4826792837,763280,767194
4826825955,763742,767399
4826859474,764210,767605
4826892820,764675,767809
4826951769,765499,768170
4826985123,765967,768381
4827018686,766440,768605
4827051140,766895,768823
4827084577,767358,769046
4827117198,767811,769273
4827152825,768310,769533
4827183557,768742,769761
4827216795,769207,770010
4827249158,769657,770254
4827282203,770118,770511
4827315189,770579,770780
4827347907,771036,771068
4827381554,771501,771378
4827414007,771953,771692
4827446961,772412,772025
4827480384,772883,772378
4827513766,773353,772740
4827546374,773807,773096
4827579835,774270,773467
4827613511,774742,773848
4827645974,775194,774218
4827679546,775659,774602
4827712046,776112,774977
4827745473,776582,775364
4827778668,777051,775748
4827811736,777519,776137
4827843962,777975,776513
4827877211,778446,776894
4827910729,778919,777256
4827943459,779380,777590
4827976900,779849,777913
4828010459,780321,778223
4828043762,780790,778520
4828076724,781253,778807
4828109081,781707,779085
4828142674,782180,779371
4828175260,782637,779645
4828208791,783105,779919
4828241235,783557,780181
4828273961,784016,780442
4828307543,784490,780706
4828342991,784990,780981
4828376391,785458,781236
4828409609,785919,781486
4828442416,786373,781727
4828475763,786841,781965
4828508826,787304,782197
4828541141,787755,782426
4828574517,788222,782667
4828606996,788678,782904
4828640295,789142,783144
4828673894,789612,783385
4828707713,790086,783628
4828740496,790546,783865
4828773416,791010,784106
4828806004,791470,784346
4828838971,791935,784591
4828872787,792408,784840
4828905136,792859,785077
4828938651,793327,785323
4828971500,793785,785565
4829004399,794245,785808
4829037423,794710,786051
4829070867,795183,786299
4829103467,795644,786539
4829136921,796116,786785
4829170524,796587,787031
4829203676,797053,787273
4829236737,797516,787514
4829269221,797970,787750
4829302653,798439,787993
4829335879,798902,788234
4829368397,799356,788468
4829401676,799822,788710
4829434932,800289,788954
4829467726,800749,789196
4829500422,801208,789436
4829533963,801678,789682
4829567430,802148,789927
4829600160,802608,790166
4829633613,803077,790409
4829666937,803542,790651
4829699759,804000,790889
4829732260,804454,791127
4829766218,804932,791376
4829799611,805399,791618
4829832780,805858,791855
4829866033,806320,792094
4829899379,806787,792343
4829932662,807253,792604
4829965906,807720,792866
4829998413,808175,793126
4830031748,808642,793408
4830064274,809098,793693
4830097772,809569,794007
4830131151,810037,794360
4830167044,810540,794770
4830198175,810975,795143
4830231492,811439,795562
4830264673,811897,795993
4830297794,812355,796442
4830330963,812818,796911
4830363353,813274,797377
4830396824,813749,797856
4830429559,814213,798329
4830464366,814707,798839
4830497724,815178,799332
4830530468,815638,799815
4830564087,816110,800313
4830597560,816582,800809
4830630679,817050,801303
4830663745,817514,801797
4830696900,817978,802293
4830729502,818437,802785
4830762959,818909,803294
4830795600,819369,803793
4830828989,819840,804304
4830861621,820298,804795
4830894957,820762,805289
4830927563,821202,805755
4830960914,821632,806210
4830993449,822033,806633
4831026281,822423,807040
4831059159,822799,807429
4831092768,823171,807816
4831125627,823532,808197
4831160216,823904,808602
4831193230,824255,808981
4831226643,824626,809380
4831260160,825029,809815
4831293331,825441,810269
4831326650,825816,810701
4831359917,826168,811069
4831392431,826498,811399
4831425896,826825,811724
4831458532,827136,812029
4831491519,827452,812332
4831524439,827772,812647
4831558122,828090,812971
4831590375,828378,813257
4831624088,828659,813524
4831656835,828912,813762
4831689632,829145,813973
4831722430,829356,814143
4831756011,829551,814270
4831788781,829720,814358
4831821588,829855,814417
4831859295,829964,814452
4831892254,830027,814470
4831925773,830068,814473
4831958401,830086,814473
4831991595,830088,814473
4832024698,830088,814471
4832057466,830088,814470
4832255870,830089,814470
4832288730,830097,814470
4832321424,830121,814470
4832354823,830165,814470
4832387835,830235,814470
4832420600,830322,814470
4832453990,830412,814464
4832486681,830519,814450
4832519583,830645,814431
4832552729,830780,814417
4832585313,830919,814405
4832618450,831055,814400
4832651502,831179,814398
4832684631,831291,814396
4832717803,831390,814395
4832753488,831485,814394
4832787009,831562,814394
4832819676,831629,814391
4832853249,831690,814382
4832887096,831748,814370
4832919680,831815,814334
4832953108,831893,814279
4832985732,831975,814206
4833019330,832063,814119
4833053141,832147,814029
4833085764,832228,813942
4833118430,832301,813866
4833151638,832369,813798
4833184340,832430,813744
4833217887,832480,813711
4833250486,832510,813700
4833284158,832521,813702
4833316775,832522,813703
4833382727,832523,813703
4833416070,832532,813700
4833448513,832556,813691
4833481720,832581,813672
4833514678,832606,813653
4833548336,832619,813653
4833581967,832627,813654
4833614730,832627,813654
4833680766,832630,813661
4833713843,832641,813671
4833746664,832678,813684
4833779502,832739,813720
4833814613,832819,813786
4833848102,832904,813879
4833880676,833012,813996
4833913942,833146,814112
4833946571,833279,814198
4833980069,833410,814291
4834012553,833534,814391
4834045939,833654,814494
4834079164,833769,814595
4834112682,833883,814695
4834146033,833994,814796
4834179264,834103,814894
4834211559,834203,814986
4834244931,834295,815066
4834277947,834375,815128
4834310422,834445,815177
4834343750,834504,815212
4834377040,834541,815232
4834409359,834559,815233
4834442579,834562,815232
4834475386,834565,815232
4834508549,834569,815232
4834542218,834570,815232
4834575252,834570,815230
4834607463,834570,815229
4835087774,834575,815229
4835120579,834594,815233
4835153457,834628,815254
4835186581,834684,815306
4835219819,834760,815387
4835252665,834845,815484
4835285961,834938,815578
4835320701,835063,815690
4835353965,835217,815846
4835389634,835427,816054
4835423080,835660,816277
4835455485,835919,816535
4835488522,836228,816842
4835521938,836581,817187
4835554984,836955,817558
4835589215,837369,817973
4835621146,837772,818382
4835654221,838202,818819
4835686568,838633,819256
4835719712,839085,819717
4835752628,839540,820186
4835785896,840001,820664
4835818821,840458,821144
4835851741,840916,821631
4835884856,841381,822125
4835917612,841841,822614
4835953920,842350,823156
4835987440,842819,823656
4836021034,843290,824158
4836053702,843751,824648
4836091575,844288,825216
4836124928,844755,825717
4836158075,845200,826212
4836191004,845627,826706
4836224346,846044,827208
4836256604,846435,827695
4836289798,846826,828195
4836323452,847217,828700
4836357183,847603,829205
4836389816,847967,829692
4836422930,848327,830192
4836456522,848684,830700
4836489848,849034,831205
4836523305,849379,831709
4836555839,849710,832197
4836589211,850047,832702
4836621761,850374,833195
4836654990,850707,833698
4836687734,851033,834190
4836721364,851364,834694
4836753989,851683,835181
4836787810,852013,835688
4836821262,852342,836192
4836853585,852659,836681
4836886754,852984,837180
4836919853,853309,837680
4836953008,853633,838181
4836985828,853952,838675
4837019345,854289,839184
4837051696,854641,839678
4837084910,855016,840191
4837117582,855383,840688
4837150875,855768,841190
4837184369,856168,841695
4837216970,856576,842185
4837249534,856999,842678
4837282787,857440,843182
4837316039,857888,843687
4837349466,858340,844195
4837382047,858779,844687
4837415096,859232,845188
4837448474,859695,845697
4837480832,860145,846193
4837513743,860600,846693
4837547074,861061,847193
4837579968,861518,847692
4837613039,861981,848194
4837646378,862447,848701
4837679372,862910,849202
4837713065,863384,849712
4837745584,863838,850206
4837779476,864312,850719
4837811787,864766,851210
4837845117,865233,851718
4837878487,865700,852232
4837911799,866160,852738
4837944869,866599,853238
4837978338,867022,853744
4838010702,867415,854237
4838044058,867809,854748
4838076947,868195,855251
4838109616,868580,855745
4838142821,868964,856250
4838176226,869335,856759
4838208618,869679,857261
4838241805,870020,857772
4838275001,870351,858283
4838308369,870676,858795
4838341452,870995,859305
4838373732,871305,859794
4838406858,871622,860297
4838439989,871937,860802
4838473554,872254,861316
4838507349,872572,861831
4838539863,872875,862320
4838573421,873185,862823
4838605896,873491,863316
4838639486,873835,863824
4838671980,874194,864313
4838705544,874581,864815
4838739124,874983,865315
4838771881,875386,865808
4838805337,875814,866314
4838837982,876244,866805
4838871594,876693,867314
4838904846,877141,867819
4838938095,877590,868324
4838971591,878046,868829
4839004160,878494,869321
4839037353,878951,869829
4839070497,879409,870333
4839102912,879859,870827
4839136491,880328,871334
4839168937,880781,871823
4839202478,881250,872329
4839234838,881703,872819
4839268270,882173,873325
4839300766,882629,873816
4839334370,883099,874322
4839366656,883552,874812
4839400315,884025,875331
4839432988,884483,875834
4839466457,884948,876351
4839498771,885396,876848
4839532357,885864,877361
4839565124,886322,877857
4839599716,886802,878381
4839633610,887261,878899
4839665913,887690,879397
4839699439,888124,879909
4839732286,888533,880405
4839765451,888933,880909
4839798472,889320,881415
4839830856,889690,881906
4839864230,890061,882408
4839897640,890422,882914
4839931191,890772,883422
4839964679,891109,883929
4839998076,891430,884435
4840031588,891741,884945
4840063941,892031,885441
4840096928,892316,885942
4840130686,892593,886452
4840164725,892864,886968
4840198686,893128,887487
4840231844,893379,887990
4840264857,893624,888490
4840302649,893894,889056
4840334823,894116,889540
4840368376,894343,890040
4840401626,894567,890538
4840433851,894782,891016
4840467160,895004,891511
4840500567,895224,892010
4840533239,895439,892498
4840566602,895656,892997
4840598775,895871,893480
4840632361,896106,893987
4840664908,896337,894481
4840698362,896574,894990
4840730909,896799,895479
4840764501,897027,895979
4840796983,897253,896469
4840830537,897489,896979
4840863055,897718,897474
4840895768,897948,897969
4840929233,898186,898473
4840961781,898418,898968
4840994971,898653,899470
4841028429,898890,899976
4841061689,899128,900478
4841093862,899364,900967
4841126946,899612,901470
4841159858,899858,901967
4841192959,900110,902467
4841226343,900372,902979
4841258923,900639,903478
4841291758,900911,903979
4841325658,901194,904494
4841358592,901474,905001
4841390934,901753,905496
4841423821,902038,905996
4841456983,902330,906497
4841489953,902623,906994
4841523401,902923,907502
4841556331,903224,908004
4841589477,903532,908506
4841622379,903840,909005
4841655225,904150,909503
4841688268,904459,910004
4841727324,904827,910593
4841760336,905141,911093
4841793579,905459,911600
4841825949,905769,912095
4841859126,906085,912604
4841892657,906404,913114
4841925186,906713,913609
4841958489,907028,914114
4841991209,907339,914613
4842024723,907658,915123
4842057250,907967,915614
4842090525,908284,916115
4842125747,908619,916644
4842158585,908931,917136
4842191194,909241,917626
4842224334,909556,918125
4842257519,909872,918626
4842290708,910186,919127
4842323755,910499,919623
4842357878,910823,920133
4842391257,911142,920635
4842427631,911489,921185
4842460187,911800,921678
4842493603,912121,922181
4842526080,912432,922670
4842559125,912746,923163
4842592251,913062,923660
4842625782,913382,924160
4842659433,913705,924667
4842691927,914017,925157
4842725426,914334,925658
4842757915,914641,926141
4842791435,914960,926642
4842823956,915270,927129
4842857510,915590,927636
4842890046,915899,928126
4842923547,916217,928627
4842956081,916529,929114
4842989581,916851,929619
4843022033,917163,930111
4843055491,917487,930625
4843088847,917811,931133
4843122566,918137,931652
4843155309,918448,932148
4843188596,918766,932648
4843221525,919084,933141
4843254752,919402,933642
4843287847,919717,934142
4843320936,920034,934641
4843354771,920356,935148
4843387116,920661,935628
4843420364,920972,936120
4843453587,921286,936616
4843486763,921604,937116
4843519894,921925,937616
4843553400,922248,938122
4843586700,922566,938622
4843619131,922882,939109
4843652571,923220,939616
4843685834,923559,940123
4843718097,923896,940615
4843751560,924264,941122
4843784076,924627,941613
4843820119,925038,942155
4843853563,925430,942659
4843886869,925828,943164
4843919082,926214,943652
4843952349,926617,944151
4843985511,927020,944648
4844018800,927426,945146
4844051008,927822,945636
4844084546,928235,946143
4844117749,928643,946641
4844150079,929039,947125
4844183443,929450,947633
4844216663,929861,948138
4844249885,930275,948645
4844282375,930681,949139
4844315881,931095,949648
4844349501,931509,950159
4844382935,931920,950663
4844416483,932333,951167
4844449900,932748,951671
4844483478,933164,952182
4844517184,933583,952695
4844550821,934008,953201
4844583341,934420,953688
4844616517,934846,954187
4844649738,935276,954687
4844682779,935708,955185
4844715907,936144,955686
4844748208,936571,956175
4844781486,937006,956676
4844814261,937435,957166
4844847890,937879,957673
4844880648,938311,958175
4844913458,938748,958674
4844946122,939186,959169
4844979638,939633,959672
4845012327,940074,960162
4845045932,940534,960664
4845079634,941001,961172
4845112447,941461,961668
4845145086,941918,962158
4845178669,942385,962657
4845211649,942843,963148
4845244778,943306,963645
4845277971,943770,964144
4845311432,944236,964642
4845344544,944696,965135
4845377629,945156,965630
4845410691,945616,966126
4845446140,946110,966660
4845476614,946532,967120
4845509719,946996,967622
4845542577,947448,968120
4845575475,947903,968614
4845608507,948366,969111
4845641463,948831,969610
4845674545,949298,970119
4845710639,949804,970669
4845743231,950258,971162
4845776816,950727,971667
4845809205,951180,972155
4845842340,951644,972655
4845875768,952113,973166
4845908828,952568,973658
4845941559,953001,974128
4845974780,953425,974585
4846007144,953820,975008
4846051370,954336,975555
4846084817,954714,975950
4846117574,955081,976328
4846150728,955438,976708
4846183547,955760,977067
4846216480,956054,977394
4846249638,956322,977689
4846282748,956562,977953
4846315894,956768,978182
4846348212,956925,978356
4846381607,957040,978482
4846414905,957126,978572
4846447192,957185,978629
4846480527,957222,978659
4846513722,957240,978667
4846546384,957252,978672
4846579857,957260,978676
4846612375,957268,978676
4846645920,957299,978679
4846678505,957352,978687
4846711687,957432,978694
4846744777,957518,978700
4846777854,957599,978714
4846810798,957693,978725
4846843799,957812,978724
4846876323,957950,978722
4846909686,958106,978722
4846942241,958269,978722
4846975699,958445,978723
4847009130,958634,978723
4847042765,958829,978723
4847075207,959017,978723
4847108672,959211,978723
4847141226,959391,978727
4847174711,959562,978750
4847207738,959720,978799
4847240802,959867,978871
4847273251,960002,978953
4847306535,960138,979043
4847340389,960285,979133
4847374469,960439,979219
4847407795,960581,979324
4847440937,960729,979452
4847474160,960886,979592
4847507430,961053,979751
4847540727,961239,979921
4847574301,961436,980096
4847607535,961632,980282
4847640776,961836,980478
4847673345,962044,980677
4847706552,962260,980882
4847740090,962481,981092
4847772599,962697,981297
4847805499,962916,981506
4847839083,963142,981722
4847871694,963361,981931
4847905061,963587,982145
4847937575,963803,982349
4847970920,964013,982544
4848003622,964206,982721
4848056427,964494,982976
4848090122,964667,983124
4848122797,964827,983256
4848155867,964981,983380
4848188917,965114,983490
4848222118,965211,983571
4848254519,965280,983628
4848287763,965338,983680
4848321008,965383,983720
4848353509,965415,983743
4848387473,965438,983759
4848420770,965462,983776
4848453434,965494,983810
4848486865,965549,983869
4848519383,965615,983942
4848552785,965659,984008
4848585826,965677,984054
4848618389,965690,984076
4848651612,965694,984085
4848915992,965696,984085
4848955572,965699,984085
4848988586,965702,984085
4849021512,965715,984091
4849054395,965755,984124
4849087669,965821,984188
4849120802,965906,984275
4849153821,965986,984359
4849187248,966069,984432
4849219557,966161,984517
4849252824,966260,984611
4849286074,966353,984701
4849318436,966437,984777
4849351739,966518,984843
4849384548,966589,984897
4849417889,966642,984932
4849450400,966672,984941
4849483750,966688,984942
4849516572,966700,984942
4849549582,966700,984942
4849582599,966698,984942
4849615741,966695,984942
4849648978,966694,984942
4850209808,966700,984960
4850242900,966722,984993
4850276221,966772,985050
4850308571,966848,985128
4850342087,966933,985222
4850374775,967030,985312
4850407755,967152,985427
4850440539,967313,985584
4850474221,967515,985780
4850507309,967738,985993
4850551599,968108,986352
4850584958,968435,986669
4850617758,968788,987017
4850650577,969167,987395
4850683780,969572,987802
4850716591,969987,988220
4850749460,970416,988654
4850782648,970860,989106
4850815721,971308,989565
4850861949,971942,990220
4850895107,972400,990694
4850928402,972864,991176
4850961745,973329,991660
4850995205,973799,992151
4851027713,974252,992629
4851061281,974721,993123
4851093989,975178,993607
4851126902,975636,994094
4851159618,976088,994584
4851193471,976559,995093
4851227009,977028,995598
4851261450,977507,996116
4851292989,977952,996590
4851325499,978410,997077
4851359203,978878,997583
4851391856,979338,998075
4851424950,979804,998578
4851458040,980266,999074
4851491389,980731,999570
4851524614,981197,1000061
4851559210,981684,1000554
4851591782,982141,1001000
4851624980,982607,1001437
4851657608,983066,1001849
4851690547,983529,1002248
4851723834,983997,1002638
4851756619,984460,1003014
4851789676,984928,1003396
4851822713,985399,1003782
4851855725,985865,1004156
4851888831,986327,1004512
4851921791,986789,1004846
4851954856,987255,1005164
4851987886,987719,1005468
4852020842,988182,1005761
4852053892,988646,1006048
4852086883,989109,1006325
4852119960,989574,1006591
4852153188,990041,1006845
4852186387,990508,1007086
4852219506,990975,1007318
4852252671,991443,1007545
4852286216,991914,1007768
4852319468,992377,1007987
4852352635,992839,1008201
4852385666,993303,1008413
4852418727,993764,1008630
4852451894,994220,1008863
4852484967,994676,1009119
4852518065,995136,1009398
4852551158,995597,1009682
4852584307,996055,1009991
4852617416,996509,1010341
4852650442,996966,1010710
4852682598,997414,1011089
4852715622,997874,1011502
4852748659,998331,1011936
4852781687,998787,1012380
4852814680,999245,1012833
4852847744,999709,1013300
4852881158,1000179,1013779
4852914502,1000647,1014262
4852946887,1001100,1014732
4852980435,1001570,1015221
4853013533,1002034,1015702
4853047156,1002508,1016196
4853080454,1002979,1016688
4853112760,1003438,1017175
4853145950,1003907,1017664
4853179484,1004375,1018158
4853211970,1004828,1018635
4853245436,1005297,1019109
4853277780,1005752,1019547
4853311573,1006228,1019988
4853344910,1006696,1020410
4853378502,1007166,1020821
4853411948,1007638,1021221
4853445541,1008116,1021625
4853478997,1008596,1022039
4853511814,1009062,1022431
4853545275,1009529,1022813
4853577872,1009985,1023166
4853611476,1010462,1023513
4853643980,1010924,1023835
4853680847,1011445,1024181
4853713977,1011909,1024477
4853747057,1012369,1024764
4853780033,1012828,1025037
4853812991,1013291,1025295
4853846079,1013758,1025539
4853879442,1014230,1025773
4853912300,1014695,1025990
4853944808,1015155,1026194
4853978456,1015625,1026393
4854011507,1016082,1026578
4854043949,1016532,1026757
4854076749,1016992,1026942
4854110450,1017464,1027133
4854142670,1017913,1027321
4854175731,1018372,1027523
4854208720,1018829,1027730
4854242453,1019297,1027939
4854274747,1019745,1028121
4854308394,1020208,1028298
4854340772,1020649,1028475
4854374006,1021112,1028672
4854407413,1021580,1028877
4854439790,1022032,1029082
4854473159,1022493,1029301
4854506542,1022949,1029532
4854538825,1023394,1029772
4854571868,1023854,1030053
4854604753,1024312,1030370
4854637861,1024767,1030716
4854671520,1025228,1031098
4854703936,1025675,1031489
4854736807,1026133,1031909
4854770413,1026602,1032355
4854802803,1027052,1032796
4854836223,1027517,1033258
4854868951,1027977,1033722
4854902054,1028444,1034201
4854935524,1028916,1034680
4854967856,1029368,1035128
4855001342,1029839,1035567
4855034142,1030298,1035974
4855068677,1030781,1036384
4855101925,1031246,1036760
4855135525,1031718,1037125
4855167796,1032173,1037468
4855210272,1032777,1037910
4855243391,1033249,1038230
4855276626,1033721,1038518
4855309963,1034188,1038774
4855343554,1034657,1038997
4855375910,1035114,1039169
4855409527,1035589,1039300
4855442158,1036048,1039391
4855475656,1036518,1039451
4855509138,1036986,1039485
4855541787,1037439,1039504
4855575341,1037907,1039508
4855608551,1038367,1039508
4855641074,1038818,1039507
4855674175,1039277,1039505
4855707672,1039741,1039504
4855740996,1040203,1039504
4855774630,1040664,1039504
4855807491,1041112,1039506
4855840495,1041564,1039518
4855872922,1042010,1039557
4855905810,1042462,1039620
4855939364,1042919,1039692
4855972209,1043349,1039771
4856005259,1043764,1039878
4856037952,1044161,1040012
4856071647,1044557,1040187
4856103887,1044925,1040410
4856137670,1045282,1040694
4856169724,1045596,1040982
4856203423,1045923,1041292
4856238055,1046260,1041625
4856271339,1046579,1041947
4856304475,1046898,1042270
4856336750,1047207,1042586
4856370202,1047527,1042912
4856403580,1047844,1043238
4856436051,1048146,1043551
4856469510,1048450,1043866
4856502538,1048748,1044174
4856534929,1049031,1044464
4856568439,1049311,1044748
4856601229,1049578,1045017
4856634416,1049842,1045280
4856667379,1050097,1045529
4856700720,1050344,1045766
4856734317,1050583,1045991
4856766791,1050802,1046197
4856799982,1051012,1046396
4856833378,1051204,1046582
4856866245,1051368,1046744
4856899719,1051493,1046871
4856933102,1051575,1046956
4856966416,1051639,1047018
4856999620,1051692,1047074
4857032064,1051724,1047105
4857065544,1051741,1047112
4857098079,1051754,1047110
4857131252,1051773,1047108
4857164448,1051804,1047105
4857197723,1051856,1047105
4857230001,1051924,1047105
4857262912,1052002,1047105
4857295885,1052093,1047105
4857329355,1052212,1047105
4857362684,1052360,1047109
4857394990,1052537,1047120
4857427911,1052747,1047141
4857461387,1052979,1047177
4857493843,1053222,1047236
4857527758,1053491,1047328
4857561764,1053763,1047450
4857595695,1054037,1047582
4857630261,1054324,1047696
4857663742,1054618,1047774
4857696850,1054918,1047851
4857730696,1055244,1047945
4857763720,1055596,1048056
4857796530,1055962,1048181
4857829764,1056352,1048306
4857862719,1056756,1048423
4857897671,1057203,1048553
4857930750,1057639,1048685
4857963645,1058079,1048818
4857996534,1058523,1048953
4858028941,1058964,1049088
4858061925,1059412,1049222
4858094981,1059861,1049357
4858129853,1060338,1049507
4858163858,1060807,1049670
4858197225,1061267,1049846
4858230303,1061722,1050035
4858263590,1062179,1050247
4858296460,1062631,1050487
4858328928,1063078,1050767
4858364087,1063562,1051116
4858397064,1064016,1051477
4858430858,1064483,1051874
4858464124,1064947,1052292
4858497209,1065407,1052733
4858530513,1065865,1053184
4858563836,1066322,1053642
4858597074,1066780,1054108
4858630305,1067238,1054585
4858663611,1067698,1055069
4858696655,1068158,1055552
4858729810,1068621,1056034
4858762807,1069084,1056514
4858795092,1069536,1056992
4858828384,1070004,1057476
4858861643,1070471,1057939
4858893984,1070927,1058369
4858927486,1071395,1058793
4858960665,1071856,1059195
4858993902,1072320,1059580
4859027503,1072788,1059956
4859060855,1073254,1060325
4859094396,1073726,1060683
4859127845,1074197,1061005
4859160359,1074652,1061283
4859193773,1075117,1061546
4859226241,1075574,1061781
4859259773,1076045,1061998
4859292064,1076499,1062191
4859325912,1076975,1062369
4859359470,1077437,1062511
4859392820,1077895,1062639
4859425903,1078354,1062747
4859459054,1078814,1062832
4859492219,1079272,1062904
4859525445,1079729,1062962
4859558706,1080187,1063001
4859591033,1080632,1063025
4859624477,1081095,1063039
4859657755,1081555,1063040
4859690229,1082003,1063040
4859723678,1082467,1063040
4859756160,1082915,1063040
4859789616,1083378,1063040
4859822866,1083836,1063039
4859855465,1084281,1063039
4859888135,1084726,1063039
4859921186,1085178,1063038
4859954396,1085633,1063035
4859987676,1086091,1063031
4860020890,1086550,1063029
4860053440,1087002,1063029
4860086880,1087467,1063028
4860119215,1087915,1063027
4860152570,1088374,1063026
4860185787,1088831,1063026
4860218690,1089284,1063026
4860250998,1089731,1063026
4860284306,1090192,1063026
4860317620,1090652,1063026
4860350802,1091107,1063026
4860383009,1091552,1063026
4860416883,1092021,1063026
4860449389,1092471,1063026
4860482498,1092929,1063026
4860515769,1093388,1063026
4860548467,1093839,1063026
4860581625,1094296,1063026
4860614542,1094750,1063026
4860647779,1095209,1063026
4860680849,1095664,1063026
4860713752,1096117,1063026
4860746668,1096572,1063026
4860779625,1097027,1063026
4860812866,1097482,1063026
4860845422,1097928,1063026
4860878205,1098381,1063026
4860911223,1098837,1063026
4860944055,1099286,1063026
4860977558,1099730,1063026
4861010561,1100148,1063026
4861043388,1100544,1063026
4861076820,1100927,1063026
4861109477,1101282,1063026
4861142156,1101623,1063026
4861175238,1101952,1063026
4861208437,1102265,1063026
4861241921,1102554,1063026
4861274459,1102807,1063026
4861307836,1103035,1063026
4861340174,1103224,1063026
4861373635,1103378,1063026
4861407256,1103486,1063026
4861440780,1103563,1063026
4861473121,1103614,1063026
4861507003,1103643,1063026
4861540178,1103648,1063026
4861573346,1103646,1063026
4861606652,1103643,1063026
4861639658,1103642,1063026
