1934624,2125187
1934624,2125187
1934624,2125187
1934624,2125187
1934624,2125187
1934624,2125187
1934624,2125187
1934624,2125187
1934624,2125187
1934624,2125187
1934624,2125187
1934624,2125187
1934624,2125187
1934624,2125187
1934624,2125187
1934624,2125187
1934624,2125187
1934624,2125187
1934624,2125187
1934624,2125187
1934624,2125187
1934624,2125187
1934624,2125187
1934624,2125187
1934624,2125187
1934624,2125187
1934624,2125187
1934624,2125187
1934624,2125187
1934624,2125187
1934624,2125187
1934624,2125187
1934624,2125187
1934624,2125187
1934624,2125187
1934624,2125187
1934624,2125187
1934624,2125187
1934624,2125187
1934624,2125187
1934624,2125187
1934624,2125187
1934624,2125187
1934624,2125187
1934624,2125187
1934624,2125187
1934624,2125187
1934624,2125187
1934624,2125187
1934624,2125187
1934624,2125187
1934624,2125187
1934624,2125187
1934624,2125187
1934624,2125187
1934624,2125187
1934624,2125187
1934624,2125187
1934624,2125187
1934624,2125187
1934624,2125187
1934624,2125187
1934624,2125187
1934624,2125187
1934624,2125187
1934624,2125187
1934624,2125187
1934624,2125187
1934624,2125187
1934624,2125187
1934624,2125187
1934624,2125187
1934624,2125187
1934624,2125187
1934624,2125187
1934624,2125187
1934624,2125187
1934624,2125187
1934624,2125187
1934624,2125187
1934624,2125187
1934624,2125187
1934624,2125187
1934624,2125187
1934624,2125187
1934624,2125187
1934624,2125187
1934624,2125187
1934624,2125187
1934624,2125187
1934624,2125187
1934624,2125187
1934624,2125187
1934624,2125187
1934624,2125187
1934624,2125187
1934624,2125187
1934624,2125187
1934624,2125187
1934624,2125187
1934624,2125187
1934624,2125187
1934624,2125187
1934624,2125187
1934624,2125187
1934624,2125187
1934624,2125187
1934624,2125187
1934624,2125187
1934624,2125187
1934624,2125187
1934624,2125187
1934624,2125187
1934624,2125187
1934624,2125187
1934624,2125187
1934624,2125187
1934624,2125187
1934624,2125187
1934624,2125187
1934624,2125187
1934624,2125187
1934624,2125187
1934624,2125187
1934624,2125187
1934624,2125187
1934624,2125187
1934624,2125187
1934624,2125187
1934624,2125187
1934624,2125187
1934624,2125187
1934624,2125187
1934624,2125187
1934624,2125187
1934624,2125187
1934624,2125187
1934624,2125187
1934626,2125188
1934626,2125192
1934627,2125212
1934633,2125240
1934656,2125286
1934701,2125349
1934762,2125426
1934839,2125516
1934933,2125623
1935043,2125730
1935169,2125827
1935310,2125923
1935458,2126040
1935593,2126179
1935720,2126347
1935849,2126537
1936001,2126745
1936180,2126969
1936390,2127219
1936611,2127474
1936858,2127754
1937124,2128053
1937418,2128385
1937736,2128741
1938077,2129117
1938435,2129509
1938819,2129928
1939206,2130349
1939620,2130797
1940044,2131256
1940462,2131703
1940899,2132163
1941340,2132615
1941786,2133057
1942236,2133482
1942688,2133887
1943144,2134275
1943600,2134643
1944060,2135004
1944508,2135359
1944972,2135740
1945423,2136107
1945882,2136465
1946339,2136802
1946786,2137107
1947250,2137403
1947714,2137683
1948161,2137947
1948619,2138214
1949079,2138486
1949522,2138754
1949982,2139045
1950433,2139334
1950893,2139646
1951340,2139971
1951801,2140327
1952257,2140680
1952698,2141038
1953152,2141424
1953597,2141809
1954042,2142201
1954499,2142617
1954955,2143063
1955372,2143479
1955791,2143935
1956183,2144389
1956573,2144865
1956936,2145334
1957296,2145821
1957647,2146310
1957995,2146803
1958349,2147290
1958726,2147781
1959116,2148253
1959529,2148738
1959945,2149225
1960349,2149697
1960764,2150185
1961177,2150675
1961577,2151154
1961994,2151658
1962440,2152162
1962876,2152646
1963329,2153146
1963767,2153631
1964205,2154135
1964601,2154618
1965003,2155114
1965413,2155610
1965824,2156091
1966255,2156589
1966683,2157079
1967123,2157577
1967565,2158077
1967993,2158563
1968436,2159062
1968882,2159561
1969317,2160043
1969766,2160536
1970212,2161028
1970646,2161508
1971090,2162001
1971534,2162487
1971971,2162908
1972422,2163323
1972866,2163705
1973322,2164077
1973783,2164439
1974244,2164814
1974706,2165215
1975147,2165595
1975601,2165968
1976056,2166321
1976501,2166645
1976966,2166966
1977411,2167254
1977868,2167536
1978327,2167806
1978772,2168063
1979228,2168382
1979679,2168770
1980117,2169187
1980571,2169621
1981031,2170053
1981474,2170449
1981936,2170868
1982399,2171289
1982849,2171704
1983312,2172145
1983775,2172603
1984225,2173058
1984687,2173532
1985144,2174009
1985585,2174474
1986039,2174957
1986493,2175444
1986936,2175918
1987393,2176408
1987849,2176902
1988304,2177396
1988756,2177890
1989206,2178384
1989658,2178879
1990110,2179375
1990566,2179876
1991010,2180362
1991471,2180864
1991934,2181366
1992381,2181861
1992834,2182347
1993291,2182846
1993749,2183346
1994193,2183829
1994649,2184326
1995104,2184824
1995547,2185305
1996004,2185799
1996461,2186295
1996907,2186771
1997367,2187261
1997827,2187752
1998278,2188235
1998741,2188732
1999202,2189231
1999650,2189716
2000111,2190214
2000571,2190711
2001015,2191191
2001470,2191685
2001912,2192168
2002366,2192665
2002819,2193165
2003258,2193647
2003704,2194141
2004152,2194633
2004600,2195126
2005052,2195621
2005503,2196118
2005960,2196620
2006417,2197125
2006853,2197609
2007299,2198108
2007746,2198606
2008180,2199090
2008625,2199593
2009075,2200093
2009529,2200594
2009985,2201096
2010440,2201594
2010897,2202092
2011337,2202574
2011790,2203070
2012242,2203567
2012696,2204060
2013148,2204550
2013600,2205038
2014055,2205506
2014497,2205935
2014952,2206357
2015410,2206759
2015855,2207131
2016315,2207512
2016777,2207880
2017225,2208281
2017689,2208673
2018136,2209052
2018591,2209423
2019041,2209778
2019524,2210136
2019986,2210458
2020429,2210759
2020884,2211069
2021333,2211368
2021782,2211736
2022218,2212143
2022669,2212592
2023122,2213056
2023563,2213481
2024017,2213907
2024469,2214332
2024924,2214760
2025366,2215185
2025821,2215634
2026260,2216079
2026709,2216548
2027158,2217024
2027613,2217504
2028057,2217973
2028514,2218460
2028974,2218954
2029418,2219431
2029874,2219925
2030328,2220418
2030769,2220894
2031222,2221383
2031673,2221871
2032117,2222350
2032569,2222837
2033010,2223307
2033464,2223792
2033918,2224279
2034375,2224767
2034834,2225256
2035292,2225746
2035750,2226236
2036196,2226703
2036656,2227171
2037111,2227630
2037562,2228084
2037998,2228520
2038450,2228970
2038905,2229418
2039341,2229847
2039792,2230291
2040243,2230733
2040697,2231177
2041135,2231607
2041597,2232060
2042049,2232502
2042504,2232944
2042944,2233373
2043397,2233815
2043845,2234254
2044292,2234693
2044727,2235117
2045178,2235551
2045630,2235986
2046083,2236421
2046529,2236843
2046988,2237277
2047445,2237712
2047902,2238148
2048360,2238584
2048809,2239019
2049250,2239437
2049704,2239863
2050157,2240288
2050601,2240703
2051059,2241130
2051517,2241557
2051978,2241987
2052425,2242402
2052887,2242830
2053348,2243262
2053810,2243697
2054271,2244132
2054731,2244561
2055188,2244987
2055629,2245401
2056083,2245828
2056535,2246257
2056988,2246687
2057428,2247104
2057882,2247536
2058322,2247954
2058773,2248384
2059214,2248814
2059663,2249245
2060097,2249662
2060546,2250092
2060997,2250523
2061431,2250939
2061878,2251369
2062323,2251799
2062753,2252215
2063199,2252654
2063644,2253110
2064079,2253555
2064525,2254011
2064974,2254473
2065425,2254944
2065861,2255405
2066311,2255882
2066764,2256366
2067202,2256836
2067652,2257321
2068088,2257790
2068538,2258273
2068987,2258756
2069436,2259239
2069874,2259713
2070326,2260202
2070775,2260691
2071225,2261183
2071656,2261662
2072104,2262157
2072552,2262648
2073001,2263135
2073435,2263608
2073881,2264095
2074341,2264604
2074772,2265079
2075215,2265566
2075660,2266044
2076095,2266493
2076545,2266981
2076998,2267370
2077432,2267765
2077879,2268153
2078325,2268533
2078771,2268891
2079222,2269276
2079671,2269677
2080114,2270072
2080554,2270450
2080983,2270798
2081429,2271138
2081879,2271461
2082334,2271772
2082776,2272065
2083231,2272407
2083681,2272812
2084131,2273255
2084569,2273704
2085020,2274147
2085470,2274573
2085922,2274998
2086363,2275410
2086816,2275838
2087254,2276264
2087706,2276719
2088158,2277185
2088611,2277659
2089052,2278118
2089509,2278590
2089964,2279066
2090420,2279548
2090860,2280021
2091312,2280510
2091759,2281000
2092192,2281474
2092637,2281959
2093081,2282444
2093524,2282930
2093955,2283404
2094400,2283894
2094843,2284386
2095290,2284883
2095725,2285362
2096171,2285856
2096604,2286334
2097048,2286828
2097492,2287319
2097937,2287811
2098366,2288289
2098805,2288781
2099243,2289271
2099683,2289763
2100114,2290243
2100560,2290752
2101007,2291232
2101455,2291727
2101892,2292207
2102341,2292702
2102790,2293196
2103239,2293689
2103688,2294179
2104134,2294664
2104582,2295152
2105018,2295625
2105465,2296113
2105899,2296587
2106345,2297074
2106791,2297561
2107237,2298046
2107670,2298504
2108116,2298961
2108563,2299402
2109013,2299825
2109462,2300231
2109910,2300622
2110356,2301004
2110789,2301370
2111237,2301757
2111680,2302187
2112121,2302649
2112549,2303111
2112990,2303594
2113430,2304082
2113873,2304566
2114306,2305009
2114745,2305455
2115180,2305888
2115629,2306346
2116078,2306814
2116527,2307292
2116958,2307761
2117401,2308245
2117846,2308733
2118293,2309223
2118729,2309701
2119181,2310192
2119633,2310683
2120073,2311158
2120535,2311641
2120976,2312085
2121432,2312525
2121881,2312935
2122337,2313332
2122794,2313710
2123251,2314078
2123703,2314457
2124150,2314845
2124606,2315248
2125049,2315626
2125509,2315996
2125968,2316346
2126419,2316673
2126882,2317003
2127345,2317307
2127811,2317620
2128262,2317927
2128725,2318324
2129181,2318613
2129633,2319024
2130086,2319465
2130538,2319904
2130990,2320322
2131440,2320737
2131890,2321155
2132341,2321579
2132796,2322014
2133238,2322452
2133700,2322919
2134145,2323377
2134600,2323853
2135051,2324331
2135497,2324810
2135940,2325292
2136385,2325778
2136832,2326268
2137283,2326761
2137734,2327254
2138170,2327730
2138620,2328222
2139071,2328715
2139522,2329209
2139959,2329687
2140409,2330179
2140859,2330669
2141308,2331159
2141759,2331647
2142209,2332135
2142663,2332631
2143104,2333110
2143558,2333596
2144016,2334059
2144460,2334465
2144919,2334850
2145377,2335212
2145832,2335561
2146264,2335909
2146695,2336287
2147115,2336661
2147520,2337009
2147898,2337318
2148272,2337612
2148633,2337889
2148978,2338139
2149314,2338381
2149635,2338608
2149943,2338818
2150236,2339009
2150514,2339172
2150778,2339311
2151027,2339420
2151257,2339506
2151484,2339570
2151703,2339612
2151922,2339641
2152141,2339657
2152353,2339668
2152539,2339669
2152709,2339669
2152860,2339669
2152993,2339670
2153112,2339681
2153210,2339705
2153298,2339745
2153368,2339785
2153423,2339819
2153459,2339845
2153483,2339862
2153492,2339870
2153498,2339870
2153499,2339870
2153499,2339870
2153499,2339870
2153499,2339870
2153499,2339870
2153499,2339870
2153499,2339870
2153499,2339870
2153499,2339870
2153499,2339870
2153499,2339870
2153499,2339870
2153499,2339870
2153497,2339872
2153496,2339874
2153497,2339874
2153498,2339873
2153498,2339873
2153498,2339873
2153498,2339873
2153498,2339873
2153498,2339873
2153498,2339873
2153498,2339873
2153498,2339873
2153498,2339873
2153498,2339873
2153498,2339873
2153498,2339873
2153498,2339873
2153498,2339873
2153498,2339873
2153498,2339873
2153497,2339874
2153496,2339875
2153492,2339882
2153481,2339900
2153473,2339918
2153470,2339924
2153470,2339924
2153470,2339924
2153470,2339924
2153470,2339924
2153470,2339924
2153470,2339924
2153470,2339924
2153470,2339924
2153470,2339924
2153470,2339924
2153470,2339924
2153470,2339924
2153470,2339924
2153470,2339924
2153470,2339924
2153467,2339924
2153463,2339925
2153455,2339936
2153441,2339956
2153414,2339993
2153377,2340047
2153335,2340114
2153286,2340176
2153235,2340224
2153185,2340267
2153137,2340314
2153097,2340359
2153060,2340402
2153031,2340438
2153008,2340466
2152994,2340486
2152978,2340500
2152961,2340520
2152935,2340545
2152898,2340582
2152852,2340631
2152794,2340698
2152733,2340774
2152672,2340866
2152609,2340971
2152534,2341093
2152442,2341204
2152346,2341290
2152247,2341371
2152149,2341454
2152051,2341541
2151957,2341629
2151868,2341711
2151787,2341786
2151712,2341851
2151646,2341907
2151588,2341953
2151539,2341986
2151501,2342003
2151478,2342005
2151465,2342005
2151461,2342005
2151461,2342008
2151461,2342019
2151458,2342034
2151454,2342036
2151453,2342036
2151454,2342035
2151455,2342035
2151456,2342035
2151462,2342035
2151469,2342038
2151472,2342044
2151472,2342054
2151472,2342070
2151472,2342086
2151472,2342102
2151472,2342120
2151472,2342136
2151472,2342157
2151472,2342177
2151472,2342199
2151472,2342222
2151472,2342246
2151472,2342272
2151472,2342298
2151474,2342326
2151483,2342357
2151516,2342398
2151557,2342450
2151597,2342508
2151642,2342566
2151694,2342625
2151759,2342700
2151830,2342785
2151906,2342878
2151987,2342973
2152067,2343069
2152152,2343169
2152237,2343269
2152325,2343376
2152410,2343481
2152479,2343571
2152538,2343650
2152586,2343716
2152625,2343772
2152652,2343816
2152671,2343847
2152674,2343866
2152673,2343874
2152673,2343874
2152673,2343877
2152673,2343884
2152673,2343893
2152673,2343901
2152671,2343903
2152670,2343903
2152670,2343902
2152670,2343902
2152670,2343902
2152670,2343902
2152670,2343902
2152670,2343902
2152670,2343902
2152670,2343902
2152670,2343902
2152670,2343902
2152670,2343902
2152670,2343902
2152670,2343902
2152670,2343902
2152670,2343902
2152670,2343902
2152670,2343902
2152670,2343902
2152669,2343902
2152669,2343902
2152669,2343902
2152669,2343902
2152669,2343902
2152669,2343902
2152669,2343902
2152669,2343902
2152669,2343902
2152669,2343902
2152670,2343902
2152670,2343901
2152670,2343901
2152670,2343901
2152670,2343901
2152669,2343901
2152668,2343901
2152668,2343901
2152668,2343901
2152668,2343901
2152668,2343901
2152669,2343901
2152669,2343901
2152671,2343901
2152676,2343901
2152697,2343901
2152730,2343901
2152764,2343901
2152792,2343901
2152816,2343901
2152849,2343901
2152895,2343901
2152950,2343901
2153018,2343901
2153086,2343901
2153159,2343901
2153233,2343901
2153307,2343901
2153380,2343901
2153446,2343901
2153505,2343902
2153556,2343902
2153598,2343902
2153632,2343902
2153651,2343902
2153664,2343902
2153666,2343902
2153666,2343902
2153666,2343902
2153666,2343902
2153666,2343902
2153666,2343902
2153666,2343902
2153666,2343903
2153666,2343905
2153666,2343905
2153666,2343905
2153666,2343905
2153666,2343905
2153666,2343905
2153666,2343905
2153666,2343905
2153666,2343905
2153666,2343905
2153666,2343905
2153666,2343905
2153666,2343905
2153666,2343905
2153666,2343905
2153666,2343905
2153666,2343905
2153666,2343905
2153666,2343905
2153666,2343907
2153666,2343908
2153666,2343909
2153667,2343913
2153667,2343919
2153667,2343926
2153667,2343935
2153667,2343950
2153667,2343962
2153667,2343973
2153667,2343989
2153667,2344003
2153668,2344018
2153671,2344039
2153672,2344063
2153673,2344089
2153676,2344116
2153683,2344144
2153704,2344172
2153732,2344203
2153764,2344239
2153797,2344279
2153830,2344324
2153862,2344363
2153893,2344394
2153924,2344429
2153956,2344471
2153990,2344518
2154024,2344567
2154061,2344613
2154099,2344659
2154141,2344707
2154181,2344757
2154220,2344808
2154260,2344859
2154301,2344914
2154343,2344969
2154381,2345023
2154418,2345079
2154456,2345136
2154498,2345192
2154541,2345246
2154585,2345301
2154629,2345357
2154674,2345413
2154723,2345471
2154772,2345528
2154818,2345583
2154862,2345636
2154906,2345689
2154952,2345743
2154997,2345797
2155040,2345850
2155085,2345907
2155134,2345963
2155184,2346020
2155228,2346073
2155273,2346127
2155318,2346178
2155362,2346227
2155404,2346278
2155442,2346329
2155483,2346379
2155526,2346430
2155568,2346481
2155609,2346531
2155649,2346579
2155692,2346628
2155734,2346673
2155764,2346708
2155787,2346732
2155800,2346750
2155800,2346752
2155800,2346750
2155800,2346750
2155800,2346750
2155800,2346750
2155800,2346750
2155800,2346750
2155800,2346750
2155800,2346750
2155799,2346750
2155799,2346750
2155799,2346750
2155799,2346750
2155799,2346750
2155799,2346750
2155799,2346750
2155799,2346750
2155799,2346750
2155799,2346750
2155799,2346750
2155799,2346750
2155799,2346750
2155799,2346750
2155799,2346750
2155799,2346750
2155799,2346750
2155799,2346750
2155799,2346750
2155799,2346750
2155799,2346750
2155799,2346750
2155799,2346750
2155799,2346750
2155799,2346750
2155799,2346750
2155799,2346750
2155799,2346750
2155799,2346750
2155799,2346750
2155799,2346750
2155799,2346750
2155799,2346750
2155799,2346750
2155799,2346750
2155799,2346750
2155799,2346750
2155799,2346750
2155799,2346750
2155799,2346750
2155799,2346750
2155799,2346750
2155799,2346750
2155799,2346750
2155799,2346750
2155799,2346750
2155799,2346750
2155799,2346750
2155799,2346750
2155799,2346750
2155799,2346750
2155799,2346750
2155799,2346750
2155800,2346751
2155801,2346752
2155815,2346752
2155840,2346751
2155860,2346751
2155871,2346751
2155869,2346751
2155868,2346751
2155868,2346751
2155868,2346751
2155868,2346751
2155868,2346751
2155870,2346751
2155872,2346751
2155876,2346751
2155883,2346751
2155891,2346751
2155902,2346751
2155907,2346751
2155907,2346751
2155908,2346751
2155912,2346751
2155918,2346751
2155926,2346751
2155936,2346751
2155947,2346751
2155949,2346751
2155949,2346751
2155950,2346751
2155952,2346751
2155954,2346751
2155957,2346751
2155959,2346751
2155964,2346751
2155975,2346751
2155989,2346751
2155996,2346751
2156003,2346751
2156020,2346751
2156039,2346751
2156053,2346751
2156068,2346752
2156076,2346752
2156077,2346752
2156077,2346752
2156077,2346752
2156077,2346752
2156077,2346752
2156077,2346752
2156077,2346752
2156077,2346753
2156077,2346754
2156077,2346755
2156077,2346758
2156077,2346760
2156077,2346763
2156077,2346771
2156077,2346788
2156077,2346801
2156077,2346813
2156077,2346837
2156077,2346863
2156077,2346890
2156077,2346918
2156080,2346935
2156092,2346953
2156113,2346959
2156129,2346959
2156148,2346959
2156164,2346959
2156183,2346959
2156200,2346959
2156214,2346959
2156229,2346959
2156236,2346959
2156237,2346962
2156239,2346965
2156243,2346971
2156248,2346981
2156256,2346991
2156266,2346992
2156267,2346992
2156267,2346992
2156267,2346992
2156267,2346992
2156267,2346992
2156267,2346992
2156267,2346992
2156267,2346992
2156267,2346992
2156267,2346992
2156267,2346992
2156267,2346992
2156267,2346992
2156267,2346992
2156267,2346992
2156267,2346992
2156267,2346992
2156266,2346992
2156266,2346992
2156266,2346992
2156266,2346992
2156266,2346992
2156266,2346992
2156266,2346992
2156266,2346992
2156266,2346992
2156266,2346992
2156266,2346992
2156266,2346992
2156266,2346992
2156266,2346992
2156266,2346992
2156266,2346992
2156266,2346992
2156266,2346992
2156266,2346992
2156266,2346992
2156266,2346992
2156266,2346992
2156266,2346992
2156266,2346992
2156266,2346992
2156266,2346992
2156266,2346992
2156266,2346992
2156266,2346992
2156266,2346992
2156266,2346992
2156266,2346992
2156266,2346992
2156266,2346992
2156266,2346992
2156266,2346992
2156266,2346992
2156266,2346992
2156266,2346992
2156266,2346992
2156266,2346992
2156266,2346992
2156266,2346992
2156266,2346992
2156266,2346992
2156266,2346992
2156266,2346992
2156266,2346992
2156266,2346992
2156266,2346992
2156266,2346992
2156266,2346992
2156266,2346992
2156266,2346992
2156266,2346992
2156266,2346992
2156266,2346992
2156266,2346992
2156266,2346992
2156266,2346992
2156266,2346992
2156266,2346992
2156266,2346992
2156266,2346992
2156266,2346992
2156266,2346992
2156266,2346992
2156266,2346992
2156266,2346992
2156266,2346992
2156266,2346992
2156266,2346992
2156266,2346992
2156266,2346992
2156266,2346992
2156266,2346992
2156266,2346992
2156266,2346992
2156266,2346992
2156266,2346992
2156266,2346992
2156266,2346992
2156266,2346992
2156266,2346992
2156266,2346992
2156266,2346992
2156266,2346992
2156266,2346992
2156266,2346992
2156266,2346992
2156266,2346992
2156266,2346992
2156266,2346992
