676643,971242
676643,971242
676643,971242
676643,971242
676643,971242
676643,971242
676643,971242
676643,971242
676643,971242
676643,971242
676643,971242
676643,971242
676643,971242
676643,971242
676643,971242
676643,971242
676643,971242
676643,971242
676643,971242
676643,971242
676643,971242
676643,971242
676643,971242
676643,971242
676643,971242
676643,971242
676643,971242
676643,971242
676643,971242
676643,971242
676643,971242
676643,971242
676643,971242
676643,971242
676643,971242
676643,971242
676643,971242
676643,971242
676643,971242
676643,971242
676643,971242
676643,971242
676643,971242
676643,971242
676643,971242
676643,971242
676643,971242
676643,971242
676643,971242
676643,971242
676643,971242
676643,971242
676643,971242
676643,971242
676643,971242
676643,971242
676643,971242
676643,971242
676643,971242
676643,971242
676643,971242
676643,971242
676643,971242
676643,971242
676643,971242
676643,971242
676643,971242
676643,971242
676643,971242
676643,971242
676643,971242
676643,971242
676643,971242
676643,971242
676643,971242
676643,971242
676643,971242
676643,971242
676643,971242
676643,971242
676643,971242
676643,971242
676643,971242
676643,971242
676643,971242
676643,971242
676643,971242
676643,971242
676643,971242
676643,971242
676643,971242
676643,971242
676643,971242
676643,971242
676643,971242
676643,971242
676643,971242
676643,971242
676643,971242
676643,971242
676643,971242
676643,971242
676643,971242
676643,971242
676643,971242
676643,971242

676643,971242
676643,971242
676643,971242
676643,971242
676643,971242
676643,971242
676643,971242
676643,971242
676643,971242
676643,971242
676643,971242
676643,971242
676643,971242
676643,971242
676643,971242
676643,971242
676643,971242
676643,971242
676643,971242
676643,971242
676643,971242
676643,971242
676643,971242
676643,971242
676643,971242
676643,971242
676643,971242
676643,971242
676643,971242
676643,971242
676643,971242
676643,971242
676643,971242
676643,971242
676644,971242
676645,971244
676645,971250
676648,971259
676656,971281
676688,971318
676740,971370
676809,971438
676890,971521
676990,971614
677107,971695
677240,971774
677372,971865
677498,971983
677607,972121
677718,972280
677853,972451
678008,972622
678183,972803
678358,972982
678544,973170
678738,973362
678934,973551
679143,973746
679350,973935
679571,974132
679785,974317
680005,974500
680238,974681
680479,974853
680724,975010
680992,975160
681271,975299
681550,975425
681846,975546
682151,975661
682456,975771
682775,975893
683095,976027
683408,976164
683729,976300
684052,976427
684369,976542
684699,976654
685031,976763
685379,976873
685694,976973
686010,977087
686316,977216
686614,977361
686907,977511
687184,977654
687450,977794
687708,977947
687959,978114
688202,978289
688434,978469
688669,978663
688901,978860
689127,979056
689356,979256
689585,979457
689805,979655
690031,979860
690255,980067
690471,980269
690696,980483
690910,980685
691126,980895
691340,981105
691546,981309
691756,981518
691965,981728
692168,981934
692373,982138
692584,982352
692800,982571
693017,982787
693246,983013
693482,983244
693715,983473
693955,983716
694181,983966
694388,984214
694592,984471
694802,984723
695032,984984
695270,985248
695512,985499
695768,985750
696028,985986
696315,986218
696610,986432
696930,986643
697260,986846
697596,987037
697957,987228
698324,987411
698702,987593
699084,987774
699461,987954
699851,988144
700247,988333
700649,988515
701061,988689
701479,988854
701903,989012
702330,989163
702753,989306
703191,989449
703626,989590
704070,989732
704514,989872
704963,990012
705403,990148
705857,990288
706307,990426
706742,990547
707196,990646
707651,990739
708105,990838
708557,990945
709010,991059
709452,991171
709905,991286
710357,991401
710808,991517
711261,991635
711715,991752
712167,991871
712619,991989
713067,992106
713516,992225
713967,992342
714420,992459
714859,992574
715311,992691
715766,992808
716212,992920
716670,993036
717124,993154
717567,993270
718018,993389
718473,993508
718917,993622
719371,993740
719826,993860
720268,993977
720716,994095
721166,994213
721607,994331
722064,994453
722506,994570
722959,994693
723405,994825
723828,994957
724253,995097
724671,995241
725073,995386
725483,995539
725891,995697
726288,995855
726693,996019
727094,996183
727482,996345
727877,996514
728270,996685
728658,996856
729039,997027
729416,997199
729791,997372
730168,997547
730532,997718
730903,997893
731262,998063
731631,998236
731993,998408
732351,998577
732724,998755
733096,998931
733468,999105
733832,999272
734201,999443
734577,999620
734952,999798
735314,999969
735686,1000144
736069,1000310
736460,1000473
736852,1000636
737244,1000799
737640,1000962
738038,1001125
738434,1001281
738827,1001433
739236,1001588
739648,1001742
740049,1001891
740463,1002046
740879,1002201
741293,1002354
741699,1002501
742117,1002653
742543,1002808
742949,1002954
743367,1003104
743782,1003256
744186,1003403
744602,1003552
745016,1003699
745418,1003842
745835,1003990
746252,1004138
746654,1004279
747070,1004429
747476,1004571
747892,1004718
748308,1004869
748718,1005012
749129,1005159
749531,1005303
749944,1005451
750353,1005599
750763,1005747
751178,1005896
751597,1006044
752023,1006190
752434,1006332
752855,1006478
753274,1006624
753680,1006765
754090,1006901
754488,1007033
754870,1007169
755229,1007300
755582,1007434
755919,1007562
756240,1007688
756543,1007815
756843,1007944
757129,1008074
757403,1008207
757656,1008335
757904,1008461
758143,1008587
758381,1008705
758642,1008820
758913,1008927
759173,1009025
759407,1009112
759626,1009191
759826,1009259
760006,1009316
760172,1009361
760332,1009395
760490,1009424
760617,1009450
760722,1009483
760806,1009528
760873,1009584
760922,1009655
760956,1009741
760974,1009839
760984,1009957
760981,1010085
760980,1010202
760976,1010315
760968,1010432
760954,1010569
760932,1010731
760905,1010909
760863,1011108
760808,1011314
760740,1011531
760660,1011760
760566,1011986
760458,1012215
760328,1012454
760188,1012694
760053,1012923
759913,1013148
759773,1013366
759638,1013573
759506,1013775
759386,1013960
759271,1014139
759169,1014301
759074,1014454
758991,1014596
758918,1014734
758858,1014867
758808,1015005
758768,1015141
758736,1015268
758704,1015392
758668,1015508
758624,1015619
758586,1015721
758560,1015812
758545,1015896
758540,1015974
758543,1016047
758544,1016115
758546,1016180
758556,1016241
758587,1016298
758635,1016349
758700,1016393
758774,1016428
758849,1016470
758920,1016520
759000,1016576
759101,1016639
759216,1016698
759350,1016757
759500,1016817
759661,1016875
759843,1016937
760042,1016999
760255,1017063
760478,1017125
760721,1017191
760971,1017257
761235,1017325
761491,1017396
761743,1017476
761998,1017571
762250,1017673
762488,1017771
762727,1017873
762956,1017986
763175,1018116
763383,1018256
763591,1018407
763795,1018565
763991,1018725
764190,1018893
764389,1019065
764585,1019240
764775,1019412
764973,1019601
765156,1019771
765340,1019946
765513,1020111
765675,1020266
765828,1020409
765965,1020538
766100,1020661
766219,1020769
766327,1020864
766421,1020948
766506,1021033
766580,1021126
766643,1021221
766689,1021301
766721,1021360
766740,1021396
766747,1021418
766745,1021427
766745,1021431
766745,1021436
766745,1021440
766745,1021440

766745,1021440
766745,1021440
766745,1021440
766745,1021440
766745,1021440
766745,1021440
766745,1021440
766745,1021440
766745,1021440
766745,1021440
766745,1021440
766745,1021440
766745,1021440
766745,1021440
766745,1021440
766745,1021440
766746,1021442
766746,1021447
766747,1021455
766749,1021471
766762,1021502
766800,1021548
766852,1021606
766925,1021684
767013,1021774
767114,1021871
767218,1021949
767307,1022028
767397,1022135
767505,1022261
767637,1022413
767791,1022588
767957,1022776
768141,1022978
768348,1023202
768566,1023440
768804,1023707
769047,1024000
769291,1024320
769534,1024666
769771,1025025
770012,1025424
770247,1025841
770468,1026258
770687,1026699
770895,1027152
771092,1027616
771276,1028092
771448,1028556
771609,1029034
771757,1029515
771890,1029985
772015,1030471
772135,1030960
772263,1031450
772399,1031928
772544,1032430
772681,1032905
772824,1033394
772974,1033887
773133,1034380
773302,1034859
773488,1035346
773680,1035870
773850,1036307
774009,1036789
774182,1037285
774356,1037741
774549,1038226
774775,1038711
775033,1039197
775312,1039669
775626,1040154
775964,1040638
776322,1041123
776685,1041595
777074,1042084
777475,1042573
777885,1043063
778301,1043555
778713,1044036
779150,1044546
779577,1045033
780002,1045518
780441,1046028
780873,1046514
781311,1047012
781748,1047510
782186,1048009
782614,1048492
783053,1048989
783493,1049485
783934,1049981
784365,1050464
784807,1050961
785250,1051457
785692,1051954
786131,1052449
786564,1052939
786990,1053417
787432,1053909
787875,1054400
788314,1054883
788754,1055362
789202,1055843
789651,1056330
790101,1056913
790536,1057296
790987,1057788
791435,1058279
791883,1058771
792315,1059247
792761,1059739
793200,1060228
793643,1060717
794086,1061207
794519,1061686
794964,1062182
795408,1062678
795863,1063186
796310,1063681
796755,1064173
797185,1064649
797629,1065136
798073,1065625
798520,1066116
798967,1066616
799404,1067098
799845,1067594
800276,1068076
800713,1068572
801158,1069068
801600,1069563
802042,1070058
802472,1070539
802916,1071033
803355,1071525
803792,1072013
804231,1072500
804659,1072972
805102,1073459
805546,1073948
805988,1074439
806432,1074931
806882,1075423
807334,1075915
807780,1076402
808231,1076898
808682,1077396
809118,1077879
809566,1078373
810016,1078867
810466,1079359
810914,1079843
811351,1080302
811801,1080761
812257,1081209
812695,1081617
813140,1082018
813585,1082399
814035,1082778
814476,1083146
814926,1083545
815363,1083933
815810,1084316
816264,1084682
816700,1085009
817150,1085330
817601,1085619
818076,1085922
818528,1086204
818975,1086476
819410,1086726
819859,1086969
820310,1087195
820761,1087405
821206,1087618
821660,1087793
822093,1087964
822540,1088129
822986,1088283
823429,1088422
823876,1088549
824310,1088664
824763,1088772
825218,1088874
825672,1088970
826124,1089062
826562,1089149
827006,1089234
827454,1089319
827893,1089397
828343,1089477
828792,1089553
829240,1089611
829689,1089652
830128,1089690
830581,1089733
831035,1089782
831489,1089837
831942,1089896
832391,1089954
832847,1090010
833297,1090064
833750,1090118
834203,1090173
834659,1090229
835113,1090287
835565,1090344
836019,1090401
836475,1090461
836919,1090521
837368,1090579
837823,1090637
838279,1090696
838737,1090754
839195,1090810
839639,1090866
840094,1090926
840549,1090985
841005,1091043
841456,1091097
841896,1091148
842351,1091204
842809,1091261
843269,1091317
843728,1091372
844173,1091427
844632,1091485
845092,1091541
845550,1091593
846007,1091646
846464,1091711
846911,1091787
847365,1091861
847825,1091939
848284,1092025
848741,1092125
849197,1092234
849651,1092354
850105,1092491
850562,1092639
851022,1092794
851482,1092965
851941,1093151
852399,1093348
852844,1093547
853296,1093760
853756,1093983
854214,1094212
854659,1094439
855118,1094676
855575,1094915
856033,1095156
856492,1095399
856950,1095643
857408,1095888
857864,1096133
858317,1096377
858758,1096618
859210,1096868
859662,1097121
860107,1097375
860557,1097640
861011,1097913
861467,1098201
861919,1098508
862373,1098837
862828,1099178
863283,1099531
863738,1099897
864196,1100276
864655,1100666
865112,1101061
865570,1101464
866028,1101878
866483,1102299
866934,1102721
867371,1103136
867822,1103569
868269,1104007
868717,1104449
869167,1104891
869623,1105339
870065,1105774
870517,1106223
870968,1106673
871420,1107124
871872,1107576
872324,1108026
872775,1108476
873230,1108931
873662,1109365
874111,1109813
874560,1110262
875012,1110722
875455,1111164
875891,1111600
876341,1112050
876785,1112502
877233,1112959
877677,1113417
878121,1113872
878567,1114325
879014,1114779
879464,1115231
879916,1115683
880368,1116134
880809,1116574
881260,1117027
881712,1117480
882165,1117932
882618,1118386
883060,1118828
883514,1119284
883967,1119748
884414,1120188
884864,1120646
885307,1121087
885757,1121541
886206,1121996
886655,1122451
887094,1122892
887555,1123359
888013,1123822
888463,1124262
888917,1124691
889371,1125101
889827,1125494
890281,1125867
890733,1126223
891185,1126565
891638,1126890
892090,1127210
892542,1127540
892991,1127877
893439,1128208
893889,1128523
894341,1128822
894791,1129101
895226,1129355
895676,1129601
896127,1129834
896571,1130059
897024,1130279
897479,1130499
897937,1130718
898395,1130967
898848,1131281
899299,1131646
899748,1132035
900183,1132406
900632,1132796
901081,1133191
901530,1133585
901981,1133982
902435,1134385
902889,1134802
903343,1135234
903798,1135681
904255,1136138
904708,1136597
905151,1137050
905603,1137521
906053,1137993
906503,1138467
906952,1138943
907386,1139408
907836,1139890
908283,1140372
908710,1140832
909089,1141241
909424,1141602
909716,1141915
909989,1142216
910235,1142528
910462,1142852
910680,1143157
910938,1143450
911145,1143643
911363,1143827
911525,1143962
911651,1144071
911746,1144166
911817,1144242
911866,1144296
911899,1144329
911916,1144340
911915,1144340
911915,1144340
911915,1144340
911915,1144340
911915,1144340
911914,1144340
911913,1144340
911911,1144340
911908,1144340
911907,1144339
911907,1144339
911907,1144339
911907,1144339
911907,1144339
911907,1144339
911907,1144339
911907,1144339
911907,1144339
911907,1144339
911907,1144339
911907,1144339
911907,1144339
911907,1144339
911907,1144339
911907,1144339
911907,1144339
911907,1144342
911907,1144346
911907,1144359
911907,1144384
911907,1144423
911907,1144479
911907,1144551
911907,1144633
911907,1144714
911907,1144782
911907,1144863
911907,1144964
911907,1145089
911907,1145253
911907,1145397
911907,1145573
911907,1145766
911907,1145972
911907,1146188
911907,1146406
911907,1146638
911907,1146878
911907,1147124
911907,1147373
911907,1147601
911907,1147825
911907,1148038
911907,1148242
911907,1148425
911907,1148600
911907,1148775
911907,1148922
911907,1149060
911907,1149195
911907,1149334
911907,1149471
911907,1149597
911907,1149707
911907,1149801
911907,1149874
911907,1149934
911907,1149978
911907,1150012
911907,1150043
911907,1150071
911907,1150095
911907,1150110
911908,1150124
911908,1150136
911908,1150144
911908,1150153
911908,1150165
911908,1150174
911908,1150181
911908,1150189
911912,1150208
911920,1150235
911942,1150268
911970,1150305
912004,1150343
912041,1150383
912082,1150427
912128,1150476
912186,1150525
912250,1150562
912317,1150601
912385,1150651
912450,1150714
912507,1150783
912558,1150856
912606,1150933
912654,1151009
912708,1151090
912755,1151157
912784,1151206
912796,1151236
912795,1151253
912795,1151253
912795,1151253
912795,1151253
912795,1151253
912795,1151253
912795,1151253
912795,1151253
912795,1151253
912795,1151253

912794,1151253
912793,1151253
912790,1151253
912789,1151253
912789,1151253
912789,1151253
912789,1151253
912789,1151253
912789,1151253
912789,1151253
912789,1151253
912789,1151253
912789,1151253
912789,1151253
912789,1151253
912789,1151253
912789,1151253
912789,1151253
912789,1151253
912790,1151253
912791,1151259
912793,1151276
912806,1151307
912839,1151352
912882,1151412
912932,1151491
912987,1151577
913050,1151651
913124,1151727
913213,1151820
913320,1151939
913443,1152082
913580,1152243
913733,1152421
913904,1152613
914095,1152823
914303,1153052
914525,1153297
914762,1153560
915022,1153849
915305,1154161
915613,1154498
915938,1154853
916278,1155224
916633,1155608
917000,1156006
917374,1156414
917754,1156830
918141,1157253
918545,1157705
918935,1158121
919335,1158552
919741,1158979
920154,1159400
920574,1159810
920994,1160203
921406,1160567
921838,1160925
922275,1161268
922717,1161594
923161,1161916
923608,1162249
924058,1162595
924509,1162933
924959,1163253
925412,1163556
925853,1163832
926310,1164098
926766,1164345
927222,1164584
927670,1164785
928127,1164986
928573,1165166
929028,1165341
929485,1165510
929943,1165679
930399,1165848
930833,1166008
931285,1166168
931736,1166323
932187,1166474
932637,1166623
933086,1166776
933538,1166941
933992,1167114
934449,1167290
934904,1167455
935347,1167590
935800,1167719
936257,1167856
936712,1168002
937168,1168158
937627,1168316
938088,1168477
938544,1168643
938984,1168813
939434,1168995
939888,1169184
940339,1169382
940790,1169590
941244,1169807
941687,1170027
942150,1170250
942604,1170475
943058,1170706
943514,1170937
943966,1171170
944417,1171405
944869,1171640
945309,1171869
945763,1172106
946216,1172345
946667,1172585
947119,1172852
947565,1173062
948023,1173286
948478,1173501
948918,1173706
949371,1173915
949823,1174122
950272,1174328
950719,1174531
951152,1174724
951601,1174918
952052,1175108
952510,1175295
952966,1175482
953422,1175672
953867,1175857
954325,1176048
954782,1176237
955237,1176424
955690,1176613
956130,1176797
956581,1176987
957033,1177172
957488,1177365
957941,1177546
958380,1177726
958833,1177910
959286,1178095
959739,1178283
960195,1178470
960652,1178657
961099,1178838
961555,1179022
962011,1179208
962469,1179394
962924,1179578
963378,1179758
963829,1179938
964279,1180120
964730,1180301
965183,1180484
965635,1180668
966075,1180846
966530,1181030
966983,1181213
967435,1181397
967886,1181582
968336,1181765
968785,1181945
969235,1182127
969682,1182310
970131,1182493
970573,1182669
971031,1182851
971490,1183032
971945,1183215
972400,1183396
972853,1183578
973307,1183763
973761,1183948
974214,1184135
974667,1184323
975120,1184511
975561,1184696
976018,1184885
976474,1185071
976928,1185258
977368,1185441
977823,1185629
978279,1185817
978734,1186004
979182,1186183
979633,1186367
980084,1186551
980540,1186736
980981,1186915
981432,1187098
981883,1187282
982332,1187467
982771,1187646
983223,1187832
983674,1188015
984122,1188199
984571,1188384
985022,1188569
985462,1188751
985911,1188937
986358,1189125
986803,1189313
987250,1189500
987698,1189687
988148,1189874
988602,1190061
989056,1190248
989511,1190434
989951,1190619
990409,1190805
990862,1190992
991316,1191178
991771,1191363
992226,1191549
992680,1191734
993135,1191921
993590,1192109
994044,1192296
994498,1192481
994956,1192669
995413,1192859
995855,1193070
996309,1193304
996763,1193549
997215,1193825
997660,1194114
998110,1194438
998559,1194794
999007,1195176
999442,1195565
999892,1195981
1000340,1196412
1000788,1196855
1001236,1197311
1001684,1197772
1002119,1198197
1002569,1198613
1003020,1199007
1003471,1199381
1003920,1199737
1004355,1200071
1004803,1200413
1005223,1200758
1005642,1201123
1006049,1201476
1006441,1201809
1006822,1202123
1007176,1202403
1007526,1202671
1007861,1202919
1008181,1203153
1008478,1203379
1008771,1203608
1009051,1203825
1009324,1204023
1009606,1204200
1009903,1204358
1010193,1204491

1010523,1204624
1010785,1204715
1011022,1204785
1011243,1204839
1011434,1204880
1011609,1204907
1011769,1204919
1011918,1204926
1012058,1204926
1012186,1204926
1012292,1204926
1012374,1204926
1012432,1204926
1012480,1204926
1012512,1204926
1012532,1204926
1012535,1204926
1012535,1204926
1012535,1204926
1012535,1204926
1012534,1204926
1012534,1204926
1012534,1204926
1012534,1204926
1012534,1204926
1012534,1204926
1012534,1204926
1012534,1204926
1012533,1204926
1012529,1204926
1012524,1204926
1012521,1204926
1012521,1204934
1012521,1204957
1012521,1204998
1012522,1205058
1012522,1205132
1012522,1205210
1012522,1205294
1012522,1205375
1012522,1205445
1012522,1205500
1012522,1205558
1012522,1205628
1012522,1205709
1012522,1205801
1012522,1205898
1012522,1205997
1012522,1206109
1012522,1206230
1012522,1206358
1012522,1206496
1012522,1206643
1012522,1206796
1012522,1206961
1012522,1207135
1012522,1207314
1012522,1207495
1012522,1207679
1012522,1207872
1012522,1208080
1012522,1208293
1012522,1208507
1012522,1208725
1012522,1208943
1012522,1209172
1012522,1209398
1012522,1209607
1012522,1209820
1012522,1210027
1012522,1210240
1012522,1210452
1012522,1210661
1012522,1210863
1012522,1211057
1012522,1211246
1012522,1211435
1012522,1211623
1012522,1211814
1012522,1212011
1012522,1212211
1012522,1212420
1012523,1212634
1012525,1212868
1012526,1213117
1012528,1213382
1012530,1213669
1012534,1213987
1012546,1214323
1012567,1214673
1012586,1215058
1012608,1215462
1012630,1215882
1012660,1216316
1012700,1216747
1012755,1217206
1012826,1217662
1012897,1218099
1012969,1218545
1013032,1218975
1013083,1219392
1013114,1219781
1013125,1220162
1013119,1220526
1013116,1220873
1013116,1221203
1013116,1221525
1013117,1221854
1013117,1222193
1013117,1222553
1013117,1222844
1013117,1223128
1013117,1223400
1013117,1223652
1013117,1223885
1013117,1224101
1013118,1224319
1013118,1224531
1013120,1224730
1013124,1224915
1013129,1225085
1013146,1225244
1013183,1225387
1013231,1225522
1013285,1225652
1013341,1225780
1013404,1225907
1013474,1226041
1013557,1226180
1013661,1226336
1013778,1226507
1013908,1226692
1014050,1226893
1014204,1227080
1014370,1227241
1014542,1227406
1014724,1227584
1014913,1227780
1015107,1227991
1015302,1228211
1015502,1228437
1015708,1228662
1015917,1228890
1016133,1229123
1016354,1229364
1016577,1229610
1016801,1229860
1017030,1230108
1017268,1230358
1017511,1230598
1017765,1230829
1018021,1231046
1018297,1231259
1018579,1231466
1018858,1231661
1019155,1231859
1019462,1232055
1019777,1232247
1020110,1232433
1020455,1232621
1020811,1232815
1021175,1233013
1021546,1233208
1021925,1233399
1022307,1233575
1022698,1233751
1023086,1233927
1023479,1234101
1023877,1234288
1024272,1234489
1024663,1234700
1025038,1234900
1025415,1235098
1025781,1235295
1026167,1235515
1026559,1235756
1026961,1236022
1027364,1236321
1027773,1236644
1028186,1236994
1028600,1237366
1029024,1237755
1029451,1238162
1029865,1238572
1030286,1239007
1030709,1239456
1031137,1239915
1031569,1240381
1031992,1240837
1032432,1241314
1032879,1241790
1033322,1242265
1033764,1242737
1034208,1243209
1034639,1243669
1035082,1244142
1035525,1244615
1035972,1245070
1036406,1245488
1036854,1245894
1037298,1246276
1037743,1246636
1038189,1246977
1038637,1247321
1039085,1247687
1039534,1248054
1039980,1248398
1040423,1248712
1040866,1249000
1041298,1249259
1041746,1249511
1042193,1249754
1042640,1249987
1043084,1250209
1043534,1250418
1043989,1250614
1044446,1250795
1044901,1250964
1045353,1251122
1045802,1251274
1046254,1251421
1046709,1251564
1047160,1251705
1047599,1251843
1048051,1251991
1048501,1252143
1048951,1252297
1049403,1252451
1049855,1252600
1050295,1252727
1050753,1252847
1051211,1252977
1051671,1253119
1052131,1253279
1052577,1253450
1053034,1253643
1053492,1253849
1053931,1254066
1054385,1254354
1054834,1254562
1055292,1254843
1055744,1255145
1056199,1255460
1056653,1255789
1057109,1256129
1057566,1256479
1058008,1256825
1058462,1257186
1058914,1257573
1059362,1257989
1059808,1258412
1060253,1258840
1060682,1259265
1061132,1259719
1061582,1260181
1062031,1260647
1062481,1261118
1062933,1261595
1063377,1262069
1063826,1262551
1064275,1263035
1064725,1263521
1065176,1264010
1065627,1264499
1066079,1264988
1066516,1265464
1066967,1265954
1067418,1266444
1067865,1266934
1068319,1267425
1068772,1267919
1069213,1268403
1069674,1268897
1070130,1269391
1070582,1269883
1071033,1270374
1071484,1270867
1071933,1271360
1072386,1271854
1072830,1272338
1073277,1272826
1073712,1273299
1074159,1273797
1074607,1274273
1075054,1274762
1075500,1275252
1075946,1275739
1076394,1276225
1076828,1276697
1077273,1277189
1077716,1277684
1078158,1278180
1078591,1278660
1079036,1279152
1079483,1279644
1079931,1280136
1080382,1280627
1080833,1281119
1081281,1281611
1081731,1282105
1082184,1282600
1082622,1283077
1083072,1283569
1083522,1284061
1083973,1284553
1084423,1285044
1084870,1285533
1085316,1286022
1085763,1286513
1086209,1287006
1086656,1287498
1087104,1287990
1087556,1288486
1088006,1288984
1088457,1289478
1088905,1289970
1089352,1290462
1089790,1290939
1090238,1291426
1090683,1291910
1091127,1292396
1091566,1292880
1091996,1293352
1092436,1293838
1092882,1294326
1093328,1294817
1093776,1295312
1094225,1295807
1094672,1296302
1095116,1296801
1095560,1297299
1096004,1297797
1096447,1298293
1096887,1298786
1097312,1299264
1097752,1299758
1098198,1300250
1098645,1300742
1099090,1301233
1099533,1301726
1099964,1302204
1100414,1302703
1100864,1303202
1101314,1303698
1101750,1304180
1102198,1304678
1102647,1305176
1103093,1305673
1103540,1306171
1103987,1306667
1104420,1307148
1104866,1307644
1105316,1308140
1105766,1308636
1106217,1309131
1106666,1309626
1107091,1310107
1107519,1310604
1107936,1311097
1108340,1311586
1108734,1312074
1109119,1312562
1109491,1313054
1109872,1313586
1110225,1314087
1110563,1314587
1110890,1315085
1111196,1315568
1111502,1316066
1111797,1316565
1112081,1317074
1112348,1317559
1112607,1318058
1112854,1318556
1113090,1319054
1113318,1319551
1113538,1320051
1113751,1320552
1113958,1321053
1114160,1321553
1114352,1322037
1114548,1322538
1114740,1323036
1114930,1323533
1115117,1324035
1115296,1324515
1115476,1325013
1115648,1325512
1115805,1326009
1115950,1326505
1116096,1326999
1116248,1327493
1116407,1327985
1116568,1328480
1116727,1328974
1116885,1329466
1117038,1329955
1117193,1330445
1117352,1330939
1117512,1331434
1117669,1331930
1117827,1332425
1117983,1332919
1118135,1333400
1118294,1333891
1118453,1334385
1118607,1334867
1118766,1335361
1118922,1335854
1119077,1336345
1119230,1336820
1119389,1337307
1119547,1337800
1119699,1338274
1119855,1338759
1120013,1339247
1120175,1339737
1120345,1340227
1120516,1340700
1120699,1341189
1120886,1341679
1121078,1342173
1121274,1342664
1121479,1343157
1121689,1343650
1121906,1344143
1122128,1344635
1122356,1345122
1122594,1345608
1122841,1346093
1123098,1346578
1123370,1347065
1123658,1347551
1123968,1348036
1124300,1348521
1124648,1349005
1125011,1349489
1125387,1349973
1125776,1350458
1126163,1350930
1126572,1351420
1126990,1351911
1127413,1352402
1127839,1352895
1128267,1353388
1128686,1353866
1129119,1354360
1129560,1354866
1129994,1355345
1130435,1355833
1130874,1356320
1131300,1356794
1131740,1357283
1132181,1357773
1132620,1358262
1133058,1358749
1133494,1359236
1133921,1359710
1134366,1360201
1134813,1360692
1135260,1361180
1135707,1361670
1136154,1362159
1136587,1362633
1137032,1363118
1137479,1363603
1137927,1364088
1138376,1364572
1138824,1365055
1139259,1365528
1139706,1366015
1140150,1366499
1140598,1366983
1141029,1367450
1141475,1367934
1141922,1368423
1142371,1368915
1142820,1369402
1143254,1369874
1143700,1370361
1144146,1370846
1144590,1371330
1145036,1371816
1145465,1372290
1145907,1372777
1146348,1373263
1146799,1373769
1147216,1374226
1147633,1374716
1148040,1375207
1148468,1375739
1148854,1376214
1149240,1376700
1149620,1377187
1149983,1377663
1150351,1378154
1150715,1378646
1151074,1379137
1151426,1379629
1151771,1380122
1152098,1380600
1152434,1381094
1152769,1381589
1153105,1382083
1153439,1382573
1153763,1383048
1154106,1383550
1154439,1384039
1154769,1384528
1155096,1385015
1155425,1385502
1155757,1385996
1156081,1386474
1156411,1386969
1156738,1387463
1157061,1387954
1157384,1388445
1157697,1388920
1158020,1389409
1158346,1389899
1158672,1390390
1158997,1390880
1159322,1391370
1159648,1391859
1159976,1392347
1160306,1392838
1160636,1393336
1160960,1393812
1161289,1394303
1161618,1394795
1161945,1395287
1162272,1395779
1162604,1396272
1162978,1396782
1163357,1397263
1163732,1397756
1164120,1398229
1164518,1398716
1164929,1399205
1165348,1399695
1165774,1400184
1166203,1400670
1166635,1401154
1167069,1401636
1167493,1402107
1167932,1402593
1168369,1403078
1168806,1403562
1169246,1404046
1169690,1404539
1170127,1405076
1170731,1405715
1171161,1406176
1171617,1406679
1172062,1407161
1172512,1407664
1172949,1408123
1173397,1408611
1173846,1409099
1174296,1409586
1174746,1410072
1175182,1410545
1175629,1411033
1176080,1411522
1176527,1412009
1176977,1412497
1177411,1412972
1177858,1413464
1178309,1413956
1178761,1414447
1179212,1414938
1179660,1415428
1180107,1415916
1180557,1416405
1181008,1416897
1181458,1417390
1181907,1417878
1182341,1418349
1182787,1418834
1183233,1419319
1183681,1419807
1184128,1420294
1184574,1420782
1185003,1421254
1185448,1421741
1185895,1422229
1186339,1422718
1186780,1423209
1187220,1423700
1187648,1424176
1188087,1424664
1188527,1425152
1188971,1425641
1189417,1426132
1189866,1426623
1190314,1427116
1190762,1427608
1191209,1428097
1191655,1428587
1192101,1429076
1192547,1429566
1192995,1430059
1193441,1430548
1193888,1431037
1194321,1431510
1194766,1431999
1195211,1432487
1195656,1432991
1196103,1433468
1196550,1433960
1196998,1434451
1197447,1434944
1197897,1435437
1198348,1435929
1198797,1436417
1199245,1436903
1199681,1437377
1200135,1437868
1200583,1438352
1201027,1438834
1201472,1439319
1201915,1439805
1202360,1440292
1202807,1440781
1203254,1441273
1203701,1441767
1204145,1442264
1204587,1442760
1205029,1443251
1205471,1443742
1205911,1444229
1206338,1444703
1206782,1445195
1207229,1445688
1207679,1446177
1208131,1446656
1208583,1447124
1209021,1447562
1209474,1447995
1209928,1448407
1210381,1448799
1210820,1449162
1211273,1449532
1211725,1449919
1212179,1450328
1212613,1450719
1213059,1451108
1213505,1451481
1213953,1451839
1214405,1452187
1214861,1452527
1215319,1452861
1215778,1453192
1216239,1453523
1216702,1453860
1217150,1454174
1217605,1454498
1218060,1454821
1218516,1455139
1218969,1455439
1219420,1455761
1219866,1456127
1220313,1456510
1220763,1456908
1221214,1457322
1221654,1457736
1222107,1458176
1222562,1458628
1223015,1459093
1223463,1459566
1223908,1460043
1224337,1460506
1224779,1460984
1225224,1461464
1225672,1461949
1226123,1462436
1226576,1462924
1227011,1463396
1227460,1463884
1227912,1464372
1228359,1464858
1228790,1465317
1229221,1465779
1229636,1466225
1230038,1466650
1230421,1467055
1230789,1467441
1231144,1467816
1231478,1468162
1231799,1468500
1232108,1468873
1232400,1469236
1232682,1469598
1232963,1469940
1233251,1470260
1233549,1470558
1233841,1470835
1234115,1471092
1234367,1471331
1234599,1471549
1234810,1471753
1235004,1471954
1235187,1472141
1235363,1472322
1235527,1472487
1235671,1472626
1235788,1472738
1235886,1472828
1235975,1472898
1236059,1472949
1236137,1472987
1236203,1473014
1236260,1473023
1236312,1473024
1236365,1473024
1236424,1473023
1236493,1473013
1236574,1472991
1236672,1472961
1236778,1472924
1236893,1472880
1237011,1472829
1237116,1472771
1237201,1472694
1237262,1472608
1237326,1472513
1237408,1472411
1237500,1472306
1237601,1472191
1237702,1472072
1237807,1471949
1237915,1471822
1238024,1471695
1238137,1471561
1238250,1471424
1238366,1471286
1238485,1471148
1238604,1471008
1238717,1470873
1238835,1470733
1238956,1470593
1239076,1470451
1239196,1470310
1239316,1470167
1239440,1470022
1239557,1469884
1239679,1469741
1239801,1469600
1239922,1469460
1240042,1469321
1240156,1469188
1240275,1469049
1240393,1468909
1240508,1468768
1240622,1468627
1240736,1468487
1240850,1468349
1240963,1468211
1241076,1468072
1241191,1467932
1241304,1467791
1241416,1467650
1241526,1467511
1241640,1467372
1241753,1467233
1241867,1467094
1241981,1466956
1242094,1466821
1242212,1466683
1242330,1466544
1242448,1466405
1242566,1466266
1242685,1466127
1242805,1465987
1242924,1465846
1243045,1465703
1243156,1465572
1243259,1465451
1243357,1465336
1243447,1465229
1243529,1465134
1243601,1465048
1243666,1464973
1243719,1464909
1243765,1464854
1243803,1464809
1243835,1464773
1243857,1464741
1243870,1464705
1243875,1464662
1243880,1464622
1243887,1464595
1243896,1464581
1243914,1464560
1243953,1464527
1244009,1464481
1244080,1464426
1244158,1464365
1244239,1464289
1244313,1464207
1244390,1464134
1244481,1464083
1244586,1464039
1244700,1463981
1244828,1463908
1244964,1463830
1245108,1463745
1245258,1463660
1245409,1463576
1245551,1463501
1245680,1463439
1245806,1463387
1245923,1463346
1246032,1463318
1246131,1463303
1246220,1463302
1246301,1463302
1246371,1463302
1246434,1463302
1246491,1463302
1246543,1463300
1246591,1463300
1246637,1463301
1246683,1463306
1246729,1463321
1246776,1463342
1246829,1463379
1246885,1463423
1246947,1463480
1247015,1463536
1247081,1463585
1247150,1463640
1247216,1463702
1247277,1463770
1247330,1463846
1247383,1463930
1247439,1464022
1247509,1464121
1247591,1464222
1247678,1464328
1247771,1464441
1247868,1464560
1247969,1464684
1248075,1464810
1248183,1464937
1248290,1465064
1248399,1465192
1248507,1465318
1248620,1465449
1248732,1465582
1248845,1465717
1248955,1465847
1249070,1465980
1249184,1466113
1249296,1466246
1249409,1466379
1249523,1466509
1249636,1466641
1249749,1466773
1249862,1466903
1249977,1467033
1250091,1467165
1250206,1467297
1250321,1467428
1250438,1467561
1250555,1467697
1250677,1467836
1250800,1467978
1250920,1468115
1251045,1468260
1251172,1468407
1251303,1468556
1251429,1468700
1251558,1468849
1251689,1468996
1251818,1469145
1251947,1469295
1252077,1469445
1252208,1469596
1252328,1469740
1252432,1469866
1252519,1469976
1252591,1470066
1252643,1470133
1252677,1470178
1252696,1470204

1252700,1470217
1252700,1470246
1252700,1470289
1252700,1470327
1252700,1470341
1252700,1470342
1252700,1470342
1252700,1470342
1252700,1470342
1252700,1470342
1252700,1470342
1252700,1470342
1252700,1470342
1252700,1470342
1252700,1470342
1252700,1470342
1252700,1470343
1252701,1470347
1252701,1470358
1252701,1470377
1252707,1470408
1252731,1470451
1252778,1470513
1252841,1470587
1252919,1470677
1253005,1470768
1253093,1470843
1253184,1470927
1253270,1471028
1253347,1471157
1253408,1471308
1253461,1471475
1253523,1471656
1253600,1471866
1253682,1472079
1253766,1472315
1253845,1472569
1253922,1472845
1254001,1473145
1254080,1473473
1254158,1473823
1254237,1474202
1254315,1474602
1254392,1475020
1254462,1475438
1254529,1475879
1254597,1476331
1254664,1476797
1254729,1477267
1254793,1477728
1254865,1478206
1254944,1478686
1255032,1479166
1255125,1479631
1255231,1480112
1255350,1480594
1255484,1481079
1255631,1481568
1255795,1482071
1255974,1482544
1256173,1483030
1256389,1483518
1256622,1484009
1256877,1484499
1257161,1484988
1257470,1485476
1257794,1485948
1258147,1486435
1258518,1486925
1258907,1487416
1259305,1487909
1259708,1488401
1260119,1488895
1260539,1489391
1260964,1489887
1261379,1490378
1261809,1490874
1262214,1491374
1262591,1491859
1262967,1492363
1263326,1492865
1263674,1493369
1264008,1493868
1264331,1494355
1264633,1494823
1264935,1495310
1265230,1495803
1265526,1496302
1265828,1496803
1266140,1497304
1266455,1497814
1266769,1498308
1267066,1498794
1267354,1499284
1267633,1499776
1267906,1500271
1268175,1500766
1268431,1501245
1268698,1501758
1268950,1502237
1269187,1502731
1269406,1503225
1269605,1503722
1269789,1504221
1269956,1504722
1270111,1505221
1270250,1505718
1270373,1506202
1270489,1506699
1270595,1507195
1270694,1507692
1270790,1508191
1270887,1508673
1270993,1509163
1271108,1509650
1271235,1510133
1271375,1510614
1271521,1511093
1271660,1511578
1271780,1512048
1271905,1512532
1272046,1513018
1272209,1513508
1272388,1514001
1272575,1514494
1272769,1514990
1272968,1515486
1273172,1515982
1273383,1516478
1273596,1516973
1273812,1517476
1274026,1517955
1274245,1518449
1274461,1518933
1274683,1519428
1274905,1519922
1275120,1520401
1275344,1520895
1275570,1521391
1275798,1521887
1276026,1522381
1276254,1522876
1276476,1523356
1276704,1523850
1276930,1524348
1277156,1524845
1277379,1525335
1277603,1525834
1277828,1526333
1278052,1526847
1278270,1527314
1278495,1527809
1278720,1528304
1278947,1528801
1279177,1529298
1279400,1529780
1279629,1530273
1279854,1530765
1280083,1531258
1280306,1531737
1280539,1532234
1280770,1532733
1281000,1533232
1281230,1533731
1281460,1534228
1281682,1534709
1281909,1535205
1282138,1535703
1282369,1536203
1282598,1536701
1282827,1537199
1283056,1537695
1283287,1538190
1283516,1538684
1283745,1539180
1283983,1539703
1284216,1540198
1284446,1540694
1284677,1541191
1284907,1541688
1285137,1542187
1285368,1542685
1285599,1543183
1285824,1543668
1286056,1544166
1286288,1544666
1286523,1545169
1286755,1545667
1286987,1546166
1287220,1546661
1287454,1547154
1287690,1547648
1287927,1548144
1288156,1548625
1288389,1549120
1288622,1549615
1288854,1550113
1289088,1550613
1289311,1551097
1289538,1551594
1289766,1552094
1289993,1552590
1290222,1553086
1290443,1553566
1290670,1554061
1290895,1554557
1291120,1555052
1291346,1555550
1291572,1556046
1291792,1556528
1292016,1557023
1292241,1557518
1292469,1558016
1292694,1558514
1292918,1559010
1293136,1559492
1293363,1559990
1293590,1560492
1293813,1560985
1294038,1561484
1294266,1561983
1294491,1562481
1294715,1562975
1294933,1563452
1295157,1563943
1295380,1564435
1295606,1564926
1295833,1565422
1296064,1565899
1296309,1566391
1296562,1566881
1296821,1567353
1297114,1567819
1297420,1568272
1297723,1568709
1298024,1569127
1298319,1569525
1298611,1569910
1298889,1570293
1299168,1570707
1299438,1571117
1299696,1571508
1299942,1571882
1300173,1572216
1300393,1572539
1300595,1572834
1300789,1573131
1300971,1573422
1301141,1573705
1301298,1573971
1301443,1574219
1301570,1574442
1301690,1574658
1301792,1574855
1301884,1575045
1301964,1575218
1302036,1575368
1302105,1575494
1302176,1575594
1302240,1575668
1302286,1575721
1302314,1575754
1302323,1575773
1302325,1575774
1302325,1575774
1302324,1575770
1302323,1575757
1302314,1575743
1302296,1575720
1302266,1575686
1302226,1575647
1302179,1575604
1302125,1575550
1302061,1575481
1301984,1575398
1301893,1575302
1301785,1575189
1301661,1575062
1301518,1574920
1301360,1574764
1301183,1574589
1300991,1574400
1300784,1574198
1300560,1573979
1300320,1573746
1300061,1573496
1299782,1573224
1299492,1572941
1299206,1572661
1298920,1572383
1298630,1572106
1298337,1571826
1298054,1571569
1297775,1571311
1297505,1571065
1297246,1570829
1297006,1570612
1296769,1570400
1296545,1570200
1296331,1570013
1296130,1569839
1295941,1569677
1295763,1569510
1295595,1569343
1295428,1569166
1295253,1568993
1295063,1568836
1294879,1568699
1294715,1568583
1294576,1568490
1294464,1568418
1294372,1568359
1294298,1568310
1294237,1568271
1294193,1568251
1294166,1568240
1294157,1568240
1294156,1568241
1294158,1568241
1294166,1568246
1294179,1568255
1294190,1568276
1294211,1568303
1294240,1568338
1294275,1568382
1294322,1568439
1294385,1568513
1294461,1568601
1294549,1568701
1294652,1568816
1294766,1568947
1294894,1569092
1295042,1569264
1295195,1569435
1295368,1569631
1295559,1569827
1295763,1570022
1295986,1570216
1296222,1570400
1296483,1570584
1296773,1570760
1297066,1570925
1297357,1571079
1297642,1571217
1297940,1571349
1298229,1571465
1298514,1571572
1298792,1571676
1299061,1571789
1299318,1571911
1299556,1572023
1299793,1572124
1300011,1572195
1300220,1572245
1300415,1572273
1300598,1572297
1300769,1572318
1300926,1572334
1301070,1572335
1301201,1572335
1301318,1572334
1301422,1572334
1301513,1572334
1301591,1572334
1301667,1572334
1301743,1572334
1301815,1572334
1301869,1572334
1301905,1572334
1301924,1572334
1301935,1572334
1301937,1572334

1301937,1572334
1301937,1572334
1301937,1572334
1301937,1572334
1301937,1572334
1301937,1572334
1301937,1572334
1301937,1572334
1301937,1572334
1301937,1572334
1301937,1572334
1301937,1572334
1301937,1572334
1301937,1572334
1301937,1572334
1301937,1572334
1301937,1572334
1301937,1572334
1301937,1572334
1301937,1572335
1301938,1572337
1301941,1572344
1301948,1572362
1301971,1572392
1302012,1572437
1302068,1572500
1302140,1572579
1302225,1572662
1302328,1572740
1302447,1572812
1302580,1572898
1302720,1573009
1302848,1573141
1302956,1573291
1303080,1573469
1303230,1573663
1303404,1573867
1303602,1574093
1303813,1574332
1304043,1574591
1304295,1574873
1304570,1575180
1304858,1575502
1305177,1575857
1305521,1576239
1305887,1576641
1306269,1577060
1306663,1577494
1307058,1577928
1307475,1578386
1307898,1578848
1308323,1579316
1308752,1579790
1309185,1580268
1309621,1580749
1310057,1581232
1310494,1581727
1310938,1582209
1311368,1582678
1311809,1583160
1312253,1583646
1312698,1584135
1313141,1584623
1313570,1585094
1314010,1585579
1314451,1586066
1314892,1586556
1315331,1587046
1315772,1587539
1316214,1588034
1316659,1588530
1317103,1589023
1317551,1589515
1317999,1590005
1318447,1590495
1318879,1590971
1319324,1591461
1319769,1591946
1320219,1592426
1320669,1592892
1321105,1593327
1321553,1593756
1322006,1594178
1322448,1594556
1322898,1594928
1323333,1595279
1323781,1595653
1324228,1596046
1324677,1596437
1325127,1596809
1325577,1597159
1326011,1597478
1326462,1597786
1326913,1598075
1327366,1598345
1327819,1598597
1328268,1598836
1328705,1599062
1329156,1599294
1329610,1599521
1330063,1599740
1330512,1599963
1330945,1600177
1331394,1600410
1331841,1600657
1332286,1600914
1332728,1601167
1333167,1601399
1333608,1601649
1334039,1601913
1334486,1602211
1334938,1602538
1335386,1602896
1335836,1603281
1336287,1603684
1336739,1604101
1337193,1604530
1337645,1604975
1338099,1605433
1338552,1605900
1339005,1606374
1339446,1606837
1339902,1607314
1340356,1607791
1340808,1608271
1341260,1608750
1341711,1609200
1342161,1609610
1342611,1609989
1343070,1610345
1343509,1610663
1343958,1610991
1344407,1611335
1344845,1611664
1345295,1611976
1345743,1612257
1346189,1612508
1346636,1612736
1347084,1612950
1347523,1613146
1347977,1613339
1348421,1613509
1348871,1613673
1349313,1613822
1349764,1613966
1350212,1614106
1350656,1614247
1351098,1614394
1351527,1614548
1351972,1614719
1352416,1614903
1352861,1615103
1353310,1615298
1353760,1615483
1354197,1615670
1354645,1615877
1355095,1616096
1355546,1616339
1355998,1616610
1356456,1616920
1356892,1617240
1357340,1617597
1357787,1617984
1358233,1618380
1358681,1618796
1359129,1619227
1359581,1619671
1360032,1620124
1360485,1620583
1360940,1621049
1361395,1621520
1361850,1621993
1362303,1622469
1362753,1622947
1363201,1623430
1363635,1623904
1364081,1624394
1364525,1624884
1364969,1625374
1365406,1625862
1365843,1626353
1366257,1626829
1366680,1627322
1367099,1627816
1367519,1628314
1367934,1628805
1368349,1629299
1368748,1629778
1369150,1630272
1369542,1630764
1369933,1631257
1370325,1631750
1370718,1632245
1371114,1632742
1371510,1633239
1371906,1633736
1372298,1634235
1372671,1634734
1373026,1635234
1373354,1635718
1373679,1636218
1373993,1636715
1374296,1637213
1374591,1637709
1374880,1638202
1375162,1638697
1375437,1639179
1375713,1639672
1375978,1640152
1376250,1640642
1376522,1641135
1376794,1641632
1377066,1642133
1377330,1642615
1377598,1643113
1377865,1643609
1378130,1644104
1378392,1644598
1378645,1645075
1378903,1645569
1379160,1646063
1379417,1646559
1379673,1647054
1379928,1647544
1380182,1648034
1380429,1648515
1380673,1649009
1380891,1649488
1381095,1649979
1381299,1650468
1381534,1650963
1381832,1651450
1382153,1651925
1382488,1652386
1382828,1652817
1383195,1653243
1383580,1653650
1383982,1654043
1384392,1654431
1384798,1654826
1385219,1655246
1385644,1655657
1386077,1656058
1386507,1656430
1386935,1656778
1387373,1657117
1387812,1657439
1388249,1657748
1388689,1658044
1389131,1658333
1389576,1658618
1390024,1658907
1390460,1659188
1390911,1659473
1391361,1659750
1391812,1660023
1392264,1660291
1392715,1660557
1393151,1660812
1393600,1661075
1394048,1661336
1394498,1661597
1394949,1661858
1395398,1662119
1395847,1662376
1396295,1662620
1396741,1662850
1397192,1663078
1397648,1663312
1398097,1663545
1398554,1663789
1399005,1664035
1399455,1664279
1399908,1664521
1400363,1664766
1400815,1665013
1401267,1665262
1401715,1665509
1402158,1665757
1402609,1666005
1403047,1666246
1403498,1666495
1403949,1666745
1404395,1666995
1404847,1667246
1405299,1667499
1405749,1667751
1406195,1668001
1406642,1668250
1407089,1668501
1407545,1668759
1407991,1669005
1408446,1669257
1408898,1669509
1409354,1669763
1409808,1670017
1410264,1670271
1410718,1670523
1411168,1670774
1411624,1671027
1412080,1671282
1412521,1671527
1412974,1671778
1413428,1672030
1413885,1672281
1414340,1672532
1414791,1672781
1415247,1673030
1415705,1673280
1416164,1673529
1416624,1673778
1417084,1674027
1417540,1674274
1417985,1674515
1418442,1674764
1418897,1675014
1419355,1675263
1419810,1675513
1420250,1675752
1420704,1675999
1421158,1676248
1421611,1676499
1422067,1676753
1422523,1677010
1422981,1677268
1423424,1677518
1423876,1677773
1424325,1678026
1424776,1678279
1425229,1678530
1425682,1678783
1426119,1679027
1426575,1679278
1427035,1679528
1427492,1679775
1427937,1680015
1428390,1680263
1428846,1680514
1429310,1680768
1429769,1681019
1430228,1681269
1430689,1681520
1431149,1681769
1431608,1682019
1432062,1682267
1432519,1682513
1432977,1682761
1433437,1683012
1433898,1683265
1434346,1683509
1434805,1683759
1435265,1684008
1435723,1684256
1436185,1684506
1436648,1684756
1437108,1685008
1437565,1685260
1438023,1685512
1438481,1685763
1438933,1686015
1439390,1686267
1439848,1686519
1440306,1686771
1440767,1687026
1441227,1687279
1441669,1687524
1442122,1687776
1442571,1688026
1443022,1688276
1443470,1688526
1443926,1688779
1444384,1689033
1444833,1689277
1445294,1689527
1445757,1689778
1446220,1690031
1446681,1690281
1447126,1690520
1447583,1690766
1448038,1691014
1448497,1691262
1448954,1691509
1449397,1691747
1449854,1691994
1450312,1692242
1450772,1692489
1451234,1692733
1451697,1692976
1452146,1693211
1452611,1693455
1453075,1693698
1453540,1693940
1454002,1694182
1454461,1694423
1454922,1694667
1455383,1694917
1455848,1695167
1456296,1695407
1456753,1695655
1457210,1695900
1457667,1696147
1458124,1696394
1458582,1696641
1459039,1696887
1459493,1697133
1459939,1697376
1460392,1697620
1460844,1697863
1461281,1698099
1461733,1698344
1462187,1698592
1462645,1698841
1463105,1699094
1463574,1699372
1464010,1699637
1464469,1699926
1464925,1700237
1465406,1700593
1465864,1700951
1466317,1701333
1466769,1701733
1467222,1702149
1467677,1702578
1468131,1703020
1468572,1703457
1469027,1703916
1469479,1704382
1469933,1704853
1470385,1705326
1470837,1705803
1471290,1706282
1471741,1706762
1472190,1707241
1472638,1707722
1473090,1708210
1473545,1708699
1473996,1709186
1474446,1709670
1474898,1710173
1475345,1710641
1475795,1711123
1476232,1711590
1476681,1712072
1477130,1712557
1477575,1713043
1478023,1713527
1478471,1714013
1478907,1714486
1479348,1714977
1479791,1715469
1480236,1715961
1480682,1716451
1481130,1716941
1481580,1717427
1482029,1717910
1482478,1718393
1482927,1718877
1483363,1719347
1483813,1719830
1484265,1720323
1484719,1720796
1485171,1721275
1485610,1721740
1486060,1722218
1486511,1722697
1486961,1723176
1487408,1723658
1487860,1724141
1488312,1724624
1488765,1725106
1489219,1725587
1489673,1726071
1490125,1726550
1490576,1727021
1491029,1727482
1491481,1727935
1491932,1728380
1492391,1728828
1492836,1729233
1493287,1729633
1493738,1730022
1494189,1730402
1494640,1730773
1495092,1731131
1495532,1731477
1495989,1731842
1496439,1732209
1496885,1732569
1497327,1732913
1497771,1733241
1498217,1733552
1498654,1733840
1499106,1734129
1499559,1734415
1500007,1734747
1500455,1735129
1500904,1735552
1501354,1735995
1501803,1736418
1502252,1736832
1502699,1737246
1503162,1737674
1503604,1738086
1504044,1738508
1504495,1738958
1504946,1739420
1505395,1739888
1505842,1740357
1506274,1740815
1506722,1741291
1507172,1741771
1507616,1742255
1508064,1742739
1508512,1743224
1508958,1743709
1509390,1744179
1509836,1744663
1510281,1745147
1510726,1745632
1511169,1746118
1511610,1746603
1512042,1747072
1512488,1747557
1512934,1748046
1513385,1748538
1513819,1749013
1514264,1749502
1514700,1749988
1515142,1750475
1515585,1750964
1516015,1751442
1516454,1751932
1516896,1752426
1517343,1752921
1517794,1753414
1518233,1753889
1518685,1754378
1519136,1754869
1519583,1755362
1520031,1755855
1520480,1756346
1520916,1756822
1521365,1757313
1521816,1757815
1522269,1758308
1522709,1758787
1523160,1759284
1523613,1759779
1524063,1760273
1524499,1760751
1524949,1761245
1525402,1761739
1525856,1762235
1526309,1762730
1526760,1763217
1527200,1763666
1527654,1764103
1528107,1764518
1528561,1764911
1529014,1765284
1529467,1765642
1529907,1765993
1530358,1766374
1530807,1766761
1531252,1767136
1531704,1767495
1532157,1767834
1532611,1768158
1533064,1768468
1533514,1768769
1533951,1769049
1534395,1769331
1534844,1769605
1535295,1769872
1535752,1770135
1536206,1770413
1536651,1770698
1537105,1771003
1537552,1771306
1537987,1771603
1538410,1771881
1538817,1772125
1539196,1772337
1539570,1772549
1539928,1772755
1540271,1772955
1540601,1773145
1540907,1773318
1541206,1773483
1541492,1773636
1541774,1773776
1542071,1773905
1542376,1774028
1542694,1774154
1542977,1774273
1543245,1774385
1543489,1774483
1543711,1774565
1543913,1774626
1544104,1774672
1544286,1774702
1544462,1774727
1544620,1774738
1544750,1774743
1544855,1774744
1544940,1774744
1545006,1774744
1545058,1774744
1545095,1774744
1545118,1774744
1545121,1774744
1545118,1774744
1545117,1774744

1545116,1774744
1545116,1774744
1545116,1774744
1545116,1774744
1545116,1774744
1545116,1774744
1545116,1774744
1545116,1774744
1545116,1774744
1545116,1774744
1545116,1774744
1545116,1774744
1545116,1774744
1545116,1774744
1545116,1774744
1545116,1774744
1545116,1774744
1545116,1774744
1545116,1774744
1545116,1774744
1545116,1774744
1545116,1774744
1545116,1774744
1545118,1774747
1545118,1774757
1545120,1774774
1545127,1774799
1545156,1774839
1545201,1774896
1545260,1774967
1545336,1775054
1545430,1775139
1545539,1775212
1545665,1775298
1545804,1775402
1545944,1775527
1546073,1775678
1546189,1775848
1546321,1776034
1546487,1776241
1546671,1776457
1546876,1776692
1547099,1776944
1547343,1777219
1547616,1777524
1547898,1777838
1548208,1778186
1548532,1778561
1548872,1778958
1549213,1779361
1549572,1779789
1549937,1780229
1550307,1780679
1550680,1781141
1551055,1781611
1551419,1782073
1551795,1782552
1552172,1783031
1552551,1783512
1552935,1783996
1553311,1784469
1553700,1784956
1554105,1785451
1554500,1785923
1554913,1786409
1555332,1786897
1555759,1787388
1556189,1787881
1556623,1788377
1557046,1788858
1557483,1789353
1557923,1789845
1558366,1790337
1558811,1790828
1559255,1791320
1559685,1791796
1560129,1792286
1560573,1792774
1561017,1793265
1561466,1793759
1561906,1794238
1562359,1794732
1562809,1795224
1563258,1795717
1563707,1796209
1564141,1796684
1564588,1797177
1565036,1797671
1565483,1798163
1565927,1798653
1566371,1799144
1566819,1799637
1567268,1800132
1567717,1800627
1568165,1801123
1568614,1801618
1569055,1802110
1569500,1802599
1569943,1803087
1570385,1803574
1570827,1804063
1571272,1804551
1571706,1805022
1572157,1805510
1572610,1805998
1573075,1806495
1573513,1806955
1573965,1807419
1574403,1807852
1574853,1808281
1575307,1808688
1575761,1809077
1576213,1809446
1576664,1809804
1577099,1810161
1577549,1810544
1578000,1810932
1578443,1811285
1578890,1811625
1579339,1811943
1579780,1812230
1580237,1812505
1580692,1812773
1581143,1813018
1581603,1813269
1582042,1813496
1582495,1813713
1582947,1813910
1583384,1814083
1583832,1814250
1584289,1814404
1584740,1814549
1585190,1814680
1585638,1814799
1586087,1814906
1586537,1815001
1586986,1815086
1587418,1815159
1587860,1815227
1588298,1815290
1588733,1815349
1589176,1815405
1589623,1815459
1590083,1815512
1590533,1815562
1590984,1815610
1591421,1815656
1591868,1815697
1592315,1815723
1592759,1815736
1593203,1815751
1593650,1815772
1594085,1815795
1594531,1815818
1594975,1815841
1595417,1815863
1595872,1815891
1596303,1815917
1596753,1815948
1597200,1815977
1597647,1816007
1598099,1816041
1598551,1816076
1598987,1816112
1599436,1816156
1599895,1816192
1600334,1816233
1600786,1816276
1601236,1816317
1601685,1816356
1602137,1816396
1602589,1816438
1603028,1816477
1603479,1816515
1603931,1816557
1604384,1816601
1604837,1816646
1605284,1816689
1605718,1816729
1606165,1816770
1606612,1816810
1607061,1816849
1607510,1816888
1607962,1816931
1608415,1816974
1608872,1817015
1609334,1817055
1609780,1817097
1610239,1817142
1610695,1817194
1611150,1817257
1611605,1817328
1612060,1817405
1612503,1817490
1612959,1817594
1613413,1817713
1613868,1817850
1614325,1818003
1614777,1818173
1615221,1818358
1615690,1818560
1616149,1818780
1616609,1819015
1617069,1819268
1617530,1819542
1617991,1819846
1618451,1820176
1618910,1820533
1619366,1820916
1619824,1821318
1620279,1821735
1620722,1822152
1621175,1822594
1621631,1823049
1622085,1823515
1622538,1823994
1622988,1824477
1623435,1824959
1623881,1825440
1624325,1825921
1624771,1826403
1625215,1826886
1625658,1827371
1626091,1827844
1626538,1828334
1626988,1828823
1627441,1829314
1627902,1829809
1628354,1830301
1628805,1830790
1629255,1831279
1629707,1831748
1630145,1832179
1630595,1832601
1631050,1833014
1631494,1833384
1631945,1833749
1632382,1834102
1632830,1834487
1633279,1834890
1633727,1835286
1634175,1835663
1634625,1836021
1635065,1836351
1635522,1836674
1635977,1836982
1636431,1837277
1636885,1837564
1637341,1837846
1637783,1838115
1638238,1838398
1638682,1838716
1639127,1839109
1639574,1839514
1640021,1839920
1640453,1840317
1640897,1840741
1641353,1841168
1641790,1841575
1642240,1842006
1642688,1842451
1643135,1842913
1643579,1843383
1644023,1843859
1644453,1844321
1644899,1844799
1645348,1845281
1645797,1845766
1646241,1846247
1646689,1846745
1647141,1847235
1647582,1847711
1648018,1848190
1648432,1848645
1648824,1849076
1649197,1849485
1649552,1849872
1649889,1850237
1650208,1850591
1650511,1850956
1650797,1851339
1651059,1851704
1651322,1852061
1651590,1852375
1651876,1852672
1652161,1852944
1652427,1853196
1652668,1853434
1652884,1853660
1653071,1853870
1653247,1854069
1653409,1854244
1653558,1854392
1653683,1854509
1653781,1854599
1653858,1854670
1653914,1854722
1653950,1854752
1653972,1854767
1653981,1854766
1653987,1854766
1653988,1854766
1653988,1854766
1653988,1854766
1653988,1854766

1653988,1854766
1653988,1854766
1653988,1854766
1653988,1854766
1653988,1854766
1653988,1854766
1653988,1854766
1653988,1854766
1653988,1854766
1653988,1854766
1653988,1854766
1653988,1854766
1653988,1854766
1653988,1854766
1653988,1854766
1653988,1854766
1653988,1854766
1653988,1854766
1653988,1854766
1653988,1854766
1653988,1854766
1653988,1854766
1653988,1854766
1653988,1854766
1653988,1854766
1653988,1854766
1653990,1854769
1653991,1854778
1653993,1854802
1653993,1854842
1653993,1854896
1653993,1854966
1653993,1855049
1653993,1855147
1653993,1855238
1653993,1855316
1653993,1855400
1653993,1855512
1653993,1855647
1653993,1855803
1653993,1855979
1653993,1856171
1653993,1856379
1653993,1856600
1653993,1856842
1653993,1857110
1653993,1857387
1653993,1857696
1653993,1858030
1653993,1858391
1653993,1858781
1653993,1859189
1653993,1859601
1653993,1860043
1653996,1860480
1654002,1860941
1654018,1861407
1654054,1861876
1654105,1862346
1654172,1862820
1654255,1863293
1654350,1863768
1654443,1864246
1654517,1864725
1654593,1865223
1654679,1865690
1654777,1866174
1654892,1866663
1655028,1867154
1655184,1867647
1655361,1868147
1655557,1868631
1655764,1869107
1656000,1869597
1656262,1870084
1656553,1870569
1656868,1871055
1657199,1871528
1657558,1872013
1657934,1872499
1658325,1872988
1658726,1873478
1659134,1873971
1659537,1874448
1659958,1874943
1660383,1875438
1660806,1875934
1661234,1876431
1661659,1876928
1662087,1877424
1662519,1877920
1662958,1878415
1663401,1878910
1663838,1879389
1664281,1879873
1664725,1880357
1665170,1880843
1665616,1881331
1666060,1881821
1666504,1882310
1666948,1882799
1667393,1883285
1667839,1883770
1668286,1884256
1668741,1884760
1669183,1885227
1669628,1885701
1670069,1886164
1670516,1886614
1670953,1887036
1671401,1887459
1671849,1887872
1672294,1888270
1672743,1888655
1673183,1889011
1673640,1889375
1674085,1889719
1674533,1890086
1674982,1890454
1675425,1890806
1675869,1891138
1676302,1891441
1676749,1891733
1677196,1892008
1677644,1892266
1678093,1892508
1678540,1892735
1678985,1892949
1679428,1893152
1679873,1893347
1680320,1893539
1680770,1893730
1681220,1893915
1681655,1894088
1682107,1894263
1682571,1894442
1683007,1894611
1683459,1894817
1683909,1895039
1684358,1895262
1684808,1895466
1685256,1895678
1685689,1895910
1686135,1896177
1686580,1896475
1687026,1896799
1687479,1897163
1687914,1897530
1688363,1897930
1688814,1898350
1689271,1898782
1689728,1899227
1690186,1899682
1690644,1900144
1691098,1900612
1691552,1901091
1691998,1901569
1692441,1902048
1692885,1902530
1693329,1903015
1693772,1903501
1694216,1903989
1694659,1904482
1695103,1904971
1695539,1905460
1695973,1905956
1696384,1906435
1696797,1906935
1697200,1907429
1697588,1907933
1697955,1908429
1698307,1908936
1698647,1909428
1698971,1909927
1699282,1910424
1699579,1910919
1699863,1911413
1700133,1911906
1700388,1912400
1700629,1912897
1700859,1913393
1701079,1913888
1701294,1914382
1701512,1914879
1701736,1915378
1701970,1915878
1702205,1916367
1702430,1916830
1702652,1917290
1702865,1917731
1703066,1918152
1703257,1918567
1703431,1918938
1703591,1919292
1703743,1919638
1703882,1919979
1704009,1920331
1704123,1920697
1704225,1921046
1704323,1921387
1704414,1921710
1704503,1922016
1704599,1922306
1704702,1922569
1704812,1922825
1704925,1923069
1705032,1923306
1705127,1923543
1705215,1923787
1705305,1924022
1705407,1924280
1705520,1924547
1705646,1924838
1705783,1925148
1705926,1925480
1706077,1925809
1706235,1926148
1706399,1926481
1706573,1926837
1706758,1927225
1706942,1927616
1707124,1928024
1707297,1928430
1707471,1928844
1707631,1929230
1707779,1929595
1707915,1929940
1708039,1930267
1708153,1930574
1708254,1930856
1708353,1931135
1708459,1931479
1708555,1931755
1708658,1932048
1708765,1932324
1708862,1932572
1708944,1932808
1709017,1933023
1709090,1933222
1709168,1933411
1709252,1933594
1709354,1933779
1709464,1933966
1709577,1934156
1709696,1934352
1709821,1934547
1709961,1934751
1710109,1934956
1710263,1935163
1710420,1935363
1710568,1935533
1710719,1935688
1710870,1935844
1711025,1936008
1711181,1936180
1711337,1936354
1711484,1936525
1711633,1936698
1711781,1936867
1711929,1937030
1712079,1937194
1712229,1937362
1712374,1937525
1712521,1937694
1712669,1937863
1712817,1938032
1712963,1938200
1713104,1938361
1713247,1938525
1713390,1938687
1713533,1938849
1713675,1939011
1713816,1939171
1713953,1939330
1714089,1939488
1714226,1939646
1714361,1939803
1714494,1939961
1714629,1940118
1714758,1940274
1714892,1940430
1715024,1940587
1715157,1940742
1715290,1940899
1715417,1941052
1715551,1941208
1715686,1941366
1715820,1941522
1715952,1941675
1716089,1941832
1716228,1941991
1716368,1942149
1716508,1942310
1716646,1942466
1716788,1942626
1716928,1942784
1717067,1942940
1717202,1943092
1717343,1943248
1717483,1943403
1717623,1943557
1717762,1943710
1717902,1943862
1718036,1944010
1718173,1944162
1718311,1944315
1718444,1944462
1718578,1944611
1718710,1944756
1718840,1944900
1718969,1945044
1719098,1945187
1719225,1945329
1719350,1945468
1719476,1945604
1719598,1945744
1719714,1945890
1719825,1946030
1719937,1946176
1720044,1946326
1720149,1946478
1720252,1946633
1720357,1946791
1720458,1946945
1720562,1947106
1720665,1947272
1720766,1947437
1720864,1947597
1720963,1947762
1721056,1947931
1721144,1948104
1721231,1948279
1721317,1948453
1721400,1948622
1721484,1948795
1721565,1948970
1721645,1949146
1721723,1949325
1721801,1949507
1721879,1949689
1721956,1949872
1722033,1950055
1722109,1950237
1722185,1950418
1722261,1950598
1722339,1950778
1722417,1950960
1722496,1951139
1722573,1951319
1722649,1951494
1722726,1951673
1722804,1951852
1722883,1952028
1722960,1952206
1723038,1952384
1723113,1952558
1723190,1952737
1723267,1952917
1723344,1953097
1723422,1953279
1723501,1953462
1723578,1953646
1723656,1953831
1723733,1954017
1723810,1954203
1723888,1954388
1723965,1954573
1724043,1954752
1724122,1954938
1724202,1955123
1724283,1955307
1724362,1955485
1724443,1955667
1724522,1955849
1724600,1956031
1724677,1956214
1724752,1956392
1724831,1956575
1724910,1956757
1724989,1956939
1725068,1957119
1725145,1957299
1725225,1957479
1725305,1957660
1725386,1957843
1725468,1958027
1725547,1958212
1725626,1958395
1725704,1958574
1725786,1958761
1725869,1958948
1725947,1959128
1726027,1959312
1726106,1959494
1726184,1959676
1726265,1959860
1726347,1960044
1726426,1960224
1726507,1960410
1726586,1960596
1726666,1960781
1726747,1960967
1726830,1961153
1726915,1961339
1726999,1961524
1727083,1961707
1727166,1961890
1727250,1962072
1727335,1962256
1727418,1962436
1727502,1962623
1727584,1962810
1727667,1962996
1727748,1963178
1727830,1963362
1727914,1963546
1727996,1963729
1728077,1963910
1728165,1964129
1728247,1964291
1728330,1964473
1728414,1964658
1728496,1964840
1728577,1965022
1728658,1965211
1728738,1965385
1728822,1965570
1728906,1965754
1728990,1965939
1729075,1966124
1729155,1966303
1729239,1966490
1729323,1966676
1729408,1966863
1729492,1967051
1729574,1967238
1729657,1967425
1729740,1967613
1729820,1967801
1729901,1967999
1729976,1968208
1730043,1968412
1730108,1968624
1730169,1968839
1730231,1969058
1730291,1969283
1730356,1969523
1730425,1969771
1730497,1970018
1730569,1970264
1730643,1970516
1730718,1970813
1730796,1971039
1730873,1971302
1730951,1971573
1731029,1971846
1731105,1972122
1731179,1972399
1731252,1972678
1731322,1972958
1731390,1973231
1731463,1973512
1731536,1973794
1731610,1974078
1731685,1974363
1731758,1974642
1731840,1974938
1731927,1975239
1732018,1975542
1732113,1975850
1732213,1976161
1732318,1976456
1732437,1976755
1732572,1977064
1732711,1977348
1732863,1977640
1733022,1977928
1733203,1978230
1733399,1978534
1733609,1978839
1733830,1979149
1734060,1979458
1734305,1979776
1734558,1980095
1734817,1980418
1735085,1980741
1735359,1981066
1735654,1981419
1735965,1981800
1736281,1982176
1736617,1982582
1736956,1982988
1737317,1983405
1737691,1983795
1738076,1984186
1738475,1984595
1738885,1985024
1739305,1985471
1739729,1985928
1740154,1986390
1740585,1986854
1741022,1987326
1741463,1987806
1741908,1988293
1742353,1988783
1742801,1989277
1743253,1989773
1743693,1990250
1744145,1990737
1744598,1991222
1745042,1991710
1745489,1992200
1745936,1992693
1746384,1993187
1746837,1993682
1747276,1994164
1747728,1994661
1748175,1995154
1748608,1995633
1749056,1996126
1749504,1996617
1749951,1997112
1750398,1997606
1750847,1998102
1751279,1998582
1751723,1999075
1752166,1999569
1752608,2000061
1753048,2000550
1753489,2001040
1753918,2001515
1754367,2002005
1754817,2002495
1755269,2002982
1755718,2003483
1756158,2003960
1756605,2004457
1757058,2004951
1757510,2005439
1757959,2005929
1758408,2006421
1758858,2006917
1759308,2007412
1759745,2007894
1760195,2008389
1760644,2008880
1761094,2009370
1761545,2009873
1761993,2010350
1762445,2010843
1762882,2011321
1763333,2011813
1763782,2012308
1764229,2012798
1764675,2013278
1765108,2013737
1765549,2014203
1765984,2014661
1766418,2015114
1766835,2015543
1767258,2015970
1767676,2016383
1768088,2016784
1768491,2017176
1768883,2017564
1769250,2017946
1769622,2018359
1769971,2018738
1770316,2019114
1770652,2019472
1770969,2019802
1771283,2020130
1771593,2020436
1771898,2020727
1772198,2021006
1772494,2021279
1772777,2021542
1773066,2021806
1773354,2022068
1773635,2022310
1773916,2022550
1774193,2022783
1774471,2023010
1774746,2023225
1775037,2023440
1775338,2023646
1775649,2023844
1775968,2024033
1776285,2024214
1776581,2024382
1776889,2024548
1777210,2024709
1777550,2024864
1777905,2025012
1778265,2025152
1778617,2025282
1778985,2025413
1779357,2025541
1779734,2025667
1780117,2025793
1780507,2025922
1780878,2026046
1781240,2026197
1781587,2026370
1781921,2026561
1782244,2026767
1782548,2026960
1782854,2027134
1783154,2027300
1783449,2027470
1783740,2027651
1784024,2027845
1784296,2028043
1784571,2028251
1784843,2028461
1785113,2028670
1785381,2028879
1785657,2029081
1785937,2029273
1786233,2029459
1786548,2029634
1786886,2029801
1787248,2029948
1787642,2030087
1788035,2030215
1788406,2030335
1788767,2030450
1789133,2030577
1789514,2030719
1789899,2030865
1790280,2031004
1790655,2031128
1791020,2031237
1791363,2031328
1791706,2031407
1792035,2031471
1792351,2031522
1792655,2031562
1792946,2031590
1793218,2031605
1793488,2031616
1793748,2031620
1794001,2031620
1794254,2031620
1794503,2031620
1794763,2031619
1795016,2031619
1795265,2031619
1795487,2031619
1795708,2031619
1795919,2031619
1796121,2031619
1796317,2031619
1796508,2031619
1796696,2031619
1796882,2031619
1797068,2031619
1797245,2031619
1797426,2031619
1797606,2031619
1797787,2031618
1797967,2031618
1798145,2031618
1798319,2031618
1798488,2031618
1798661,2031618
1798832,2031618
1799001,2031618
1799170,2031618
1799330,2031618
1799487,2031618
1799631,2031618
1799766,2031618
1799903,2031618
1800048,2031618
1800194,2031618
1800348,2031618
1800502,2031618
1800655,2031618
1800807,2031618
1800960,2031618
1801110,2031618
1801265,2031618
1801419,2031618
1801573,2031618
1801712,2031618
1801797,2031618
1801844,2031618
1801866,2031618
1801873,2031618
1801874,2031618
1801874,2031618
1801874,2031618
1801876,2031618
1801886,2031618
1801898,2031618
1801906,2031618
1801912,2031618
1801915,2031618
1801915,2031618
1801915,2031618

1801915,2031618
1801915,2031618
1801915,2031618
1801915,2031618
1801915,2031618
1801915,2031618
1801915,2031618
1801915,2031618
1801915,2031618
1801915,2031618
1801915,2031618
1801915,2031618
1801915,2031618
1801915,2031618
1801915,2031618
1801915,2031618
1801915,2031618
1801915,2031618
1801915,2031618
1801915,2031618
1801915,2031618
1801915,2031618
1801915,2031618
1801915,2031618
1801915,2031618
1801915,2031618
1801915,2031618
1801915,2031618
1801915,2031618
1801915,2031618
1801915,2031618
1801915,2031618
1801915,2031618
1801915,2031618
1801915,2031618
1801915,2031618
1801915,2031618
1801915,2031618
1801915,2031618
1801915,2031618
1801915,2031618
1801915,2031618
1801915,2031618
1801915,2031618
1801915,2031618
1801915,2031618
1801915,2031618
1801915,2031618
1801915,2031618
1801915,2031618
1801915,2031618
1801915,2031618
1801915,2031618
1801915,2031618
1801915,2031618
1801915,2031618
1801915,2031618
1801915,2031618
1801915,2031618
1801915,2031618
1801915,2031618
1801915,2031618
1801915,2031618
1801915,2031618
1801915,2031618
1801915,2031618
1801915,2031618
1801915,2031618
1801915,2031618
1801915,2031618
1801915,2031618
1801915,2031618
1801915,2031618
1801915,2031618
1801915,2031618
1801915,2031618
1801915,2031618
1801915,2031618
1801915,2031618
1801915,2031618
1801915,2031618
1801915,2031618
1801915,2031618
1801915,2031618
1801915,2031618
1801915,2031618
1801915,2031618
1801915,2031618
1801915,2031618
1801915,2031618
1801915,2031618
1801915,2031618
1801915,2031618
1801915,2031618
1801915,2031618
1801915,2031618
1801915,2031618
1801915,2031618
1801915,2031618
1801915,2031618
1801915,2031618
1801915,2031618
1801915,2031618
1801915,2031618
1801915,2031618
1801915,2031618
1801915,2031618
1801915,2031618
1801915,2031618
1801915,2031618
1801915,2031618
1801915,2031618
1801915,2031618
1801915,2031618
1801915,2031618
1801915,2031618
1801915,2031618
1801915,2031618
1801915,2031618
1801915,2031618
1801915,2031618
1801915,2031618
1801915,2031618
1801915,2031618
1801915,2031618
1801915,2031618
1801915,2031618
1801915,2031618
1801915,2031618
1801915,2031618
1801915,2031618
1801915,2031618
1801915,2031618
1801915,2031618
1801915,2031618
1801915,2031618
1801915,2031618
1801915,2031618
1801915,2031618
1801915,2031618
1801915,2031618
1801915,2031618
1801915,2031618
1801915,2031618
1801915,2031618
1801915,2031618
1801915,2031618
1801915,2031618
1801915,2031618
1801915,2031618
1801915,2031618
1801915,2031618
1801915,2031618
1801915,2031618
1801915,2031618
1801915,2031618
1801915,2031618
1801915,2031618
1801915,2031618
1801915,2031618
1801915,2031618
1801915,2031618
