1935222,2184906
1935222,2184906
1935222,2184906
1935222,2184906
1935222,2184906
1935222,2184906
1935222,2184906
1935222,2184906
1935222,2184906
1935222,2184906
1935222,2184906
1935222,2184906
1935222,2184906
1935222,2184906
1935222,2184906
1935222,2184906
1935222,2184906
1935222,2184906
1935222,2184906
1935222,2184906
1935222,2184906
1935222,2184906
1935222,2184906
1935222,2184906
1935222,2184906
1935222,2184906
1935222,2184906
1935222,2184906
1935222,2184906
1935222,2184906
1935222,2184906
1935222,2184906
1935222,2184906
1935222,2184906
1935222,2184906
1935222,2184906
1935222,2184906
1935222,2184906
1935222,2184906
1935222,2184906
1935222,2184906
1935222,2184906
1935222,2184906
1935222,2184906
1935222,2184906
1935222,2184906
1935222,2184906
1935222,2184906
1935222,2184906
1935222,2184906
1935222,2184906
1935222,2184906
1935222,2184906
1935222,2184906
1935222,2184906
1935222,2184906
1935222,2184906
1935222,2184906
1935222,2184906
1935222,2184906
1935222,2184906
1935222,2184906
1935222,2184906
1935222,2184906
1935222,2184906
1935222,2184906
1935222,2184906
1935222,2184906
1935222,2184906
1935222,2184906
1935222,2184906
1935222,2184906
1935222,2184906
1935222,2184906
1935222,2184906
1935222,2184906
1935222,2184906
1935222,2184906
1935222,2184906
1935222,2184906
1935222,2184908
1935222,2184915
1935222,2184932
1935222,2184956
1935222,2184990
1935222,2185031
1935222,2185082
1935222,2185140
1935222,2185207
1935222,2185278
1935222,2185346
1935222,2185396
1935222,2185438
1935222,2185483
1935222,2185539
1935222,2185613
1935222,2185695
1935222,2185780
1935222,2185870
1935222,2185963
1935222,2186066
1935222,2186174
1935222,2186287
1935222,2186405
1935222,2186525
1935222,2186649
1935222,2186776
1935222,2186905
1935222,2187034
1935222,2187172
1935222,2187312
1935222,2187448
1935222,2187589
1935222,2187728
1935222,2187877
1935222,2188024
1935222,2188167
1935222,2188312
1935222,2188453
1935222,2188599
1935222,2188744
1935222,2188897
1935222,2189044
1935222,2189191
1935222,2189345
1935222,2189500
1935222,2189660
1935222,2189827
1935222,2189993
1935222,2190165
1935222,2190344
1935222,2190521
1935222,2190701
1935222,2190897
1935222,2191086
1935222,2191279
1935222,2191481
1935222,2191688
1935222,2191898
1935222,2192124
1935222,2192350
1935222,2192590
1935222,2192832
1935222,2193074
1935222,2193334
1935222,2193589
1935222,2193850
1935222,2194124
1935222,2194399
1935222,2194668
1935222,2194948
1935222,2195223
1935222,2195517
1935222,2195802
1935222,2196096
1935222,2196397
1935222,2196694
1935222,2197005
1935222,2197317
1935222,2197643
1935222,2197970
1935222,2198303
1935222,2198638
1935222,2198978
1935222,2199310
1935222,2199655
1935222,2200005
1935222,2200348
1935222,2200706
1935222,2201065
1935221,2201416
1935221,2201801
1935221,2202152
1935221,2202528
1935221,2202905
1935221,2203286
1935221,2203675
1935221,2204071
1935221,2204464
1935220,2204874
1935220,2205281
1935220,2205688
1935220,2206115
1935220,2206548
1935220,2206972
1935219,2207410
1935219,2207851
1935219,2208288
1935219,2208744
1935219,2209205
1935219,2209673
1935219,2210128
1935219,2210589
1935219,2211068
1935219,2211549
1935219,2212020
1935219,2212511
1935219,2212988
1935219,2213491
1935219,2213968
1935219,2214457
1935219,2214949
1935219,2215467
1935217,2215926
1935214,2216404
1935210,2216896
1935208,2217374
1935206,2217868
1935206,2218363
1935206,2218846
1935206,2219346
1935206,2219846
1935206,2220329
1935206,2220832
1935206,2221325
1935206,2221817
1935206,2222295
1935206,2222791
1935206,2223267
1935206,2223762
1935206,2224251
1935206,2224756
1935206,2225239
1935206,2225736
1935206,2226218
1935206,2226713
1935206,2227206
1935206,2227685
1935206,2228189
1935206,2228671
1935206,2229154
1935206,2229648
1935206,2230143
1935206,2230623
1935206,2231119
1935206,2231614
1935206,2232107
1935206,2232587
1935206,2233081
1935206,2233597
1935206,2234062
1935206,2234540
1935206,2235038
1935206,2235534
1935206,2236034
1935206,2236517
1935206,2237002
1935206,2237505
1935206,2237989
1935206,2238482
1935206,2238976
1935206,2239453
1935206,2239947
1935206,2240441
1935206,2240932
1935206,2241424
1935206,2241919
1935206,2242417
1935206,2242913
1935207,2243411
1935206,2243910
1935206,2244409
1935206,2244910
1935206,2245406
1935206,2245892
1935206,2246389
1935206,2246885
1935206,2247371
1935206,2247870
1935206,2248354
1935206,2248853
1935206,2249351
1935206,2249848
1935206,2250346
1935206,2250848
1935206,2251348
1935206,2251846
1935206,2252346
1935206,2252844
1935206,2253330
1935206,2253832
1935206,2254332
1935206,2254818
1935206,2255321
1935206,2255824
1935206,2256337
1935206,2256806
1935206,2257301
1935206,2257780
1935206,2258272
1935206,2258765
1935206,2259247
1935206,2259744
1935206,2260240
1935206,2260721
1935206,2261216
1935206,2261714
1935206,2262196
1935206,2262693
1935206,2263188
1935206,2263666
1935206,2264159
1935206,2264652
1935206,2265156
1935206,2265662
1935206,2266145
1935206,2266629
1935206,2267113
1935206,2267607
1935206,2268099
1935206,2268593
1935206,2269087
1935206,2269579
1935206,2270056
1935206,2270549
1935206,2271044
1935206,2271528
1935206,2272023
1935206,2272518
1935206,2273001
1935206,2273499
1935206,2273994
1935206,2274473
1935206,2274988
1935206,2275476
1935206,2275936
1935206,2276425
1935206,2276929
1935206,2277406
1935206,2277895
1935206,2278370
1935206,2278862
1935206,2279358
1935206,2279838
1935206,2280330
1935206,2280822
1935206,2281300
1935206,2281804
1935206,2282281
1935206,2282770
1935206,2283252
1935206,2283747
1935206,2284246
1935206,2284726
1935206,2285202
1935206,2285694
1935206,2286184
1935206,2286675
1935206,2287168
1935206,2287659
1935206,2288136
1935206,2288628
1935206,2289120
1935206,2289612
1935206,2290106
1935206,2290602
1935206,2291081
1935206,2291577
1935206,2292071
1935206,2292568
1935206,2293061
1935206,2293549
1935206,2294038
1935206,2294527
1935206,2295027
1935206,2295503
1935206,2295989
1935206,2296464
1935206,2296955
1935206,2297449
1935207,2297927
1935207,2298418
1935206,2298907
1935206,2299387
1935206,2299882
1935206,2300377
1935206,2300856
1935206,2301349
1935206,2301844
1935206,2302340
1935206,2302836
1935206,2303331
1935206,2303809
1935206,2304363
1935206,2304797
1935206,2305291
1935206,2305785
1935206,2306280
1935206,2306775
1935206,2307254
1935206,2307752
1935206,2308252
1935206,2308754
1935206,2309254
1935206,2309752
1935206,2310254
1935206,2310737
1935206,2311233
1935206,2311725
1935206,2312217
1935206,2312711
1935206,2313206
1935206,2313700
1935206,2314192
1935206,2314685
1935206,2315179
1935206,2315672
1935207,2316166
1935206,2316661
1935206,2317158
1935206,2317652
1935206,2318147
1935206,2318643
1935206,2319137
1935206,2319616
1935206,2320115
1935206,2320609
1935206,2321102
1935206,2321579
1935206,2322072
1935206,2322564
1935206,2323055
1935206,2323532
1935206,2324025
1935206,2324531
1935206,2325008
1935206,2325484
1935206,2325980
1935206,2326475
1935206,2326969
1935206,2327448
1935206,2327944
1935206,2328441
1935206,2328924
1935206,2329417
1935206,2329913
1935206,2330391
1935206,2330882
1935206,2331357
1935206,2331846
1935206,2332334
1935206,2332823
1935206,2333299
1935206,2333798
1935206,2334276
1935206,2334767
1935206,2335244
1935206,2335735
1935206,2336226
1935206,2336702
1935206,2337192
1935206,2337703
1935206,2338165
1935206,2338657
1935206,2339149
1935206,2339624
1935206,2340114
1935206,2340602
1935206,2341091
1935206,2341684
1935206,2342098
1935206,2342573
1935206,2343060
1935206,2343550
1935206,2344041
1935206,2344532
1935206,2345020
1935206,2345517
1935206,2346011
1935206,2346486
1935206,2346976
1935206,2347465
1935206,2347955
1935206,2348444
1935206,2348931
1935206,2349436
1935206,2349907
1935206,2350393
1935206,2350880
1935206,2351367
1935206,2351853
1935206,2352325
1935206,2352814
1935206,2353303
1935206,2353793
1935206,2354283
1935206,2354780
1935206,2355255
1935206,2355744
1935206,2356233
1935206,2356708
1935206,2357199
1935206,2357691
1935206,2358180
1935206,2358667
1935206,2359142
1935206,2359640
1935206,2360131
1935206,2360623
1935206,2361115
1935206,2361607
1935206,2362100
1935206,2362592
1935206,2363083
1935206,2363562
1935206,2364117
1935206,2364554
1935206,2365051
1935206,2365535
1935206,2366033
1935206,2366527
1935206,2367020
1935206,2367511
1935206,2367987
1935206,2368479
1935206,2368970
1935206,2369460
1935206,2369961
1935206,2370448
1935206,2370929
1935206,2371424
1935206,2371903
1935206,2372397
1935206,2372891
1935206,2373399
1935206,2373878
1935206,2374355
1935206,2374849
1935206,2375344
1935206,2375836
1935206,2376326
1935206,2376819
1935206,2377312
1935206,2377806
1935206,2378313
1935206,2378797
1935206,2379276
1935206,2379770
1935206,2380262
1935206,2380738
1935206,2381229
1935206,2381722
1935206,2382214
1935206,2382697
1935206,2383191
1935206,2383685
1935206,2384163
1935206,2384653
1935206,2385142
1935206,2385630
1935206,2386117
1935206,2386603
1935206,2387089
1935206,2387575
1935206,2388062
1935206,2388552
1935206,2389026
1935206,2389516
1935206,2390006
1935206,2390499
1935206,2390977
1935206,2391465
1935206,2391955
1935206,2392427
1935206,2392916
1935206,2393418
1935206,2393893
1935206,2394365
1935206,2394856
1935206,2395346
1935206,2395835
1935206,2396324
1935206,2396813
1935206,2397321
1935206,2397795
1935206,2398268
1935206,2398757
1935206,2399247
1935206,2399738
1935206,2400227
1935206,2400706
1935206,2401198
1935206,2401691
1935206,2402183
1935206,2402671
1935206,2403157
1935206,2403642
1935206,2404126
1935207,2404610
1935207,2405080
1935206,2405569
1935206,2406056
1935206,2406547
1935207,2407020
1935207,2407509
1935207,2407999
1935206,2408490
1935206,2408980
1935206,2409467
1935206,2409954
1935206,2410441
1935206,2410934
1935206,2411425
1935206,2411925
1935206,2412399
1935206,2412889
1935206,2413379
1935206,2413870
1935206,2414362
1935206,2414856
1935206,2415336
1935206,2415825
1935206,2416323
1935206,2416816
1935206,2417325
1935206,2417805
1935206,2418298
1935206,2418792
1935206,2419289
1935206,2419786
1935206,2420282
1935206,2420775
1935206,2421267
1935206,2421793
1935206,2422272
1935206,2422773
1935206,2423251
1935206,2423744
1935206,2424232
1935206,2424726
1935206,2425219
1935206,2425702
1935206,2426200
1935206,2426696
1935206,2427190
1935206,2427668
1935206,2428161
1935206,2428654
1935206,2429146
1935206,2429639
1935206,2430117
1935206,2430612
1935206,2431107
1935206,2431601
1935206,2432110
1935206,2432590
1935206,2433084
1935206,2433575
1935206,2434065
1935206,2434540
1935206,2435030
1935206,2435521
1935206,2436012
1935206,2436505
1935206,2436982
1935206,2437489
1935206,2437969
1935206,2438461
1935206,2438950
1935206,2439439
1935206,2439912
1935206,2440398
1935206,2440882
1935206,2441367
1935206,2441855
1935206,2442331
1935206,2442822
1935206,2443311
1935206,2443785
1935206,2444275
1935206,2444767
1935206,2445257
1935206,2445744
1935206,2446216
1935206,2446720
1935206,2447193
1935206,2447681
1935206,2448174
1935206,2448652
1935206,2449139
1935206,2449626
1935206,2450099
1935206,2450588
1935206,2451077
1935206,2451565
1935206,2452052
1935206,2452541
1935206,2453026
1935206,2453503
1935206,2453993
1935206,2454483
1935206,2454973
1935206,2455466
1935206,2455965
1935206,2456441
1935206,2456931
1935206,2457418
1935206,2457903
1935206,2458386
1935206,2458879
1935206,2459366
1935206,2459853
1935206,2460338
1935206,2460822
1935206,2461320
1935207,2461786
1935207,2462259
1935207,2462719
1935206,2463163
1935206,2463592
1935206,2463998
1935206,2464386
1935207,2464755
1935207,2465108
1935207,2465444
1935207,2465774
1935207,2466087
1935207,2466417
1935207,2466745
1935207,2467048
1935207,2467340
1935207,2467615
1935207,2467860
1935207,2468092
1935207,2468306
1935207,2468506
1935207,2468705
1935207,2468888
1935207,2469065
1935207,2469223
1935207,2469360
1935207,2469472
1935207,2469566
1935207,2469641
1935207,2469698
1935207,2469740
1935207,2469767
1935207,2469780
1935207,2469780
1935207,2469780
1935207,2469780
1935207,2469780
1935207,2469780
1935207,2469780
1935207,2469780
1935207,2469780
1935207,2469780
1935207,2469780
1935207,2469780
1935207,2469780
1935207,2469780
1935207,2469780
1935207,2469780
1935207,2469780
1935207,2469780
1935207,2469780
1935207,2469780
1935207,2469780
1935207,2469780
1935207,2469780
1935207,2469780
1935207,2469780
1935207,2469780
1935207,2469780
1935207,2469780
1935207,2469780
1935207,2469780
1935207,2469780
1935207,2469780
1935207,2469780
1935207,2469780
1935207,2469780
1935207,2469780
1935207,2469780
1935207,2469780
1935207,2469780
1935207,2469780
1935207,2469780
1935207,2469780
1935207,2469780
1935207,2469780
1935207,2469780
1935207,2469780
1935207,2469780
1935207,2469780
1935207,2469780
1935207,2469780
1935207,2469780
1935207,2469780
1935207,2469780
1935207,2469780
1935207,2469780
1935207,2469780
1935207,2469780
1935207,2469780
1935207,2469780
1935207,2469780
1935207,2469780
1935207,2469780
1935207,2469780
1935207,2469780
1935207,2469780
1935207,2469780
1935207,2469780
1935207,2469780
1935207,2469780
1935207,2469780
1935207,2469780
1935207,2469780
1935207,2469780
1935207,2469780
1935207,2469780
1935207,2469780
1935207,2469780
1935207,2469780
1935207,2469780
1935207,2469780
1935207,2469780
1935207,2469780
1935207,2469780
1935207,2469780
1935207,2469780
1935207,2469780
1935207,2469780
1935207,2469780
1935207,2469780
1935207,2469780
1935207,2469780
1935207,2469780
1935207,2469780
1935207,2469780
1935207,2469780
1935207,2469780
1935207,2469780
1935207,2469780
1935207,2469780
1935207,2469780
1935207,2469780
1935207,2469780
1935207,2469780
1935207,2469780
1935207,2469780
1935207,2469780
1935207,2469780
1935207,2469780
1935207,2469780
1935207,2469780
1935207,2469780
1935207,2469780
1935207,2469780
1935207,2469780
1935207,2469780
1935207,2469780
1935207,2469780
1935207,2469780
1935207,2469780
1935207,2469780
1935207,2469780
1935207,2469780
1935207,2469780
1935207,2469780
1935207,2469780
1935207,2469780
1935207,2469780
1935207,2469780
1935207,2469780
1935207,2469780
1935207,2469780
1935207,2469780
1935207,2469780
1935207,2469780
1935207,2469780
1935207,2469780
1935207,2469780
1935207,2469780
1935207,2469780
1935207,2469780
1935207,2469780
1935207,2469780
1935207,2469780
1935207,2469780
1935207,2469780
1935207,2469780
1935207,2469780
1935207,2469780
1935207,2469780
1935207,2469780
1935207,2469780
1935207,2469780
1935207,2469780
1935207,2469780
1935207,2469780
1935207,2469780
1935207,2469780
1935207,2469780
1935207,2469780
1935207,2469780
1935207,2469780
1935207,2469780
1935207,2469780
1935207,2469780
1935207,2469780
1935207,2469780
1935207,2469780
1935207,2469780
1935207,2469780
1935207,2469780
1935207,2469780
1935207,2469780
1935207,2469780
1935207,2469780
1935207,2469780
1935207,2469780
