1.3 0 0 0 0 0 1 1 1 0 0 0 0 0 0 0.000837818 0 0 0 0 0 1 1 1 0 0 0 0.209455 0.209455 0 0.000837818 0 0 0 0 0 0 0 1 1 1 1 1  ; 1.3
1.3 0 0 0 0 0 1 1 1 0 0 0 0 0 0 0.0024574 0 0 0 0 0 1 1 1 0 0 0 0.404895 0.404895 0 0.00161958 0 0 0 0 0 0 0 1 1 1 1 1  ; 1.3
1.3 0 0 0 0 0 1 1 1 0 0 0 0 0 0 0.00480643 0 0 0 0 0 1 1 1 0 0 0 0.587258 0.587258 0 0.00234903 0 0 0 0 0 0 0 1 1 1 1 1  ; 1.3
1.3 0 0 0 0 0 1 1 1 0 0 0 0 0 0 0.00783611 0 0 0 0 0 1 1 1 0 0 0 0.75742 0.75742 0 0.00302968 0 0 0 0 0 0 0 1 1 1 1 1  ; 1.3
1.3 0 0 0 0 0 1 1 1 0 0 0 0 0 0 0.0115009 0 0 0 0 0 1 1 1 0 0 0 0.916196 0.916196 0 0.00366478 0 0 0 0 0 0 0 1 1 1 1 1  ; 1.3
1.3 0 0 0 0 0 1 1 1 0 0 0 0 0 0 0.0157583 0 0 0 0 0 1 1 1 0 0 0 1.06435 1.06435 0 0.0042574 0 0 0 0 0 0 0 1 1 1 1 1  ; 1.3
1.3 0 0 0 0 0 1 1 1 0 0 0 0 0 0 0.0205686 0 0 0 0 0 1 1 1 0 0 0 1.20259 1.20259 0 0.00481036 0 0 0 0 0 0 0 1 1 1 1 1  ; 1.3
1.3 0 0 0 0 0 1 1 1 0 0 0 0 0 0 0.025895 0 0 0 0 0 1 1 1 0 0 0 1.33158 1.33158 0 0.00532632 0 0 0 0 0 0 0 1 1 1 1 1  ; 1.3
1.3 0 0 0 0 0 1 1 1 0 0 0 0 0 0 0.0317027 0 0 0 0 0 1 1 1 0 0 0 1.45194 1.45194 0 0.00580776 0 0 0 0 0 0 0 1 1 1 1 1  ; 1.3
1.3 0 0 0 0 0 1 1 1 0 0 0 0 0 0 0.0379597 0 0 0 0 0 1 1 1 0 0 0 1.56425 1.56425 0 0.00625698 0 0 0 0 0 0 0 1 1 1 1 1  ; 1.3
1.3 0 0 0 0 0 1 1 1 0 0 0 0 0 0 0.0446359 0 0 0 0 0 1 1 1 0 0 0 1.66904 1.66904 0 0.00667615 0 0 0 0 0 0 0 1 1 1 1 1  ; 1.3
1.3 0 0 0 0 0 1 1 1 0 0 0 0 0 0 0.0517031 0 0 0 0 0 1 1 1 0 0 0 1.76682 1.76682 0 0.00706727 0 0 0 0 0 0 0 1 1 1 1 1  ; 1.3
1.3 0 0 0 0 0 1 1 1 0 0 0 0 0 0 0.0591354 0 0 0 0 0 1 1 1 0 0 0 1.85806 1.85806 0 0.00743223 0 0 0 0 0 0 0 1 1 1 1 1  ; 1.3
1.3 0 0 0 0 0 1 1 1 0 0 0 0 0 0 0.0669081 0 0 0 0 0 1 1 1 0 0 0 1.94319 1.94319 0 0.00777276 0 0 0 0 0 0 0 1 1 1 1 1  ; 1.3
1.3 0 0 0 0 0 1 1 1 0 0 0 0 0 0 0.0749986 0 0 0 0 0 1 1 1 0 0 0 2.02263 2.02263 0 0.00809051 0 0 0 0 0 0 0 1 1 1 1 1  ; 1.3
1.3 0 0 0 0 0 1 1 1 0 0 0 0 0 0 0.0833856 0 0 0 0 0 1 1 1 0 0 0 2.09675 2.09675 0 0.008387 0 0 0 0 0 0 0 1 1 1 1 1  ; 1.3
1.3 0 0 0 0 0 1 1 1 0 0 0 0 0 0 0.0920493 0 0 0 0 0 1 1 1 0 0 0 2.16591 2.16591 0 0.00866365 0 0 0 0 0 0 0 1 1 1 1 1  ; 1.3
1.3 0 0 0 0 0 1 1 1 0 0 0 0 0 0 0.100971 0 0 0 0 0 1 1 1 0 0 0 2.23045 2.23045 0 0.00892179 0 0 0 0 0 0 0 1 1 1 1 1  ; 1.3
1.3 0 0 0 0 0 1 1 1 0 0 0 0 0 0 0.110134 0 0 0 0 0 1 1 1 0 0 0 2.29067 2.29067 0 0.00916266 0 0 0 0 0 0 0 1 1 1 1 1  ; 1.3
1.3 0 0 0 0 0 1 1 1 0 0 0 0 0 0 0.119521 0 0 0 0 0 1 1 1 0 0 0 2.34685 2.34685 0 0.00938742 0 0 0 0 0 0 0 1 1 1 1 1  ; 1.3
1.3 0 0 0 0 0 1 1 1 0 0 0 0 0 0 0.129118 0 0 0 0 0 1 1 1 0 0 0 2.39928 2.39928 0 0.00959713 0 0 0 0 0 0 0 1 1 1 1 1  ; 1.3
1.3 0 0 0 0 0 1 1 1 0 0 0 0 0 0 0.138911 0 0 0 0 0 1 1 1 0 0 0 2.4482 2.4482 0 0.00979281 0 0 0 0 0 0 0 1 1 1 1 1  ; 1.3
1.3 0 0 0 0 0 1 1 1 0 0 0 0 0 0 0.148887 0 0 0 0 0 1 1 1 0 0 0 2.49385 2.49385 0 0.0099754 0 0 0 0 0 0 0 1 1 1 1 1  ; 1.3
1.3 0 0 0 0 0 1 1 1 0 0 0 0 0 0 0.159032 0 0 0 0 0 1 1 1 0 0 0 2.53644 2.53644 0 0.0101458 0 0 0 0 0 0 0 1 1 1 1 1  ; 1.3
1.3 0 0 0 0 0 1 1 1 0 0 0 0 0 0 0.169337 0 0 0 0 0 1 1 1 0 0 0 2.57619 2.57619 0 0.0103047 0 0 0 0 0 0 0 1 1 1 1 1  ; 1.3
1.3 0 0 0 0 0 1 1 1 0 0 0 0 0 0 0.17979 0 0 0 0 0 1 1 1 0 0 0 2.61327 2.61327 0 0.0104531 0 0 0 0 0 0 0 1 1 1 1 1  ; 1.3
1.3 0 0 0 0 0 1 1 1 0 0 0 0 0 0 0.190382 0 0 0 0 0 1 1 1 0 0 0 2.64787 2.64787 0 0.0105915 0 0 0 0 0 0 0 1 1 1 1 1  ; 1.3
1.3 0 0 0 0 0 1 1 1 0 0 0 0 0 0 0.201102 0 0 0 0 0 1 1 1 0 0 0 2.68016 2.68016 0 0.0107206 0 0 0 0 0 0 0 1 1 1 1 1  ; 1.3
1.3 0 0 0 0 0 1 1 1 0 0 0 0 0 0 0.211943 0 0 0 0 0 1 1 1 0 0 0 2.71029 2.71029 0 0.0108412 0 0 0 0 0 0 0 1 1 1 1 1  ; 1.3
1.3 0 0 0 0 0 1 1 1 0 0 0 0 0 0 0.222897 0 0 0 0 0 1 1 1 0 0 0 2.7384 2.7384 0 0.0109536 0 0 0 0 0 0 0 1 1 1 1 1  ; 1.3
1.3 0 0 0 0 0 1 1 1 0 0 0 0 0 0 0.233956 0 0 0 0 0 1 1 1 0 0 0 2.76463 2.76463 0 0.0110585 0 0 0 0 0 0 0 1 1 1 1 1  ; 1.3
1.3 0 0 0 0 0 1 1 1 0 0 0 0 0 0 0.245112 0 0 0 0 0 1 1 1 0 0 0 2.78911 2.78911 0 0.0111564 0 0 0 0 0 0 0 1 1 1 1 1  ; 1.3
1.3 0 0 0 0 0 1 1 1 0 0 0 0 0 0 0.25636 0 0 0 0 0 1 1 1 0 0 0 2.81194 2.81194 0 0.0112478 0 0 0 0 0 0 0 1 1 1 1 1  ; 1.3
1.3 0 0 0 0 0 1 1 1 0 0 0 0 0 0 0.267693 0 0 0 0 0 1 1 1 0 0 0 2.83325 2.83325 0 0.011333 0 0 0 0 0 0 0 1 1 1 1 1  ; 1.3
1.3 0 0 0 0 0 1 1 1 0 0 0 0 0 0 0.279105 0 0 0 0 0 1 1 1 0 0 0 2.85314 2.85314 0 0.0114126 0 0 0 0 0 0 0 1 1 1 1 1  ; 1.3
1.3 0 0 0 0 0 1 1 1 0 0 0 0 0 0 0.290592 0 0 0 0 0 1 1 1 0 0 0 2.87169 2.87169 0 0.0114868 0 0 0 0 0 0 0 1 1 1 1 1  ; 1.3
1.3 0 0 0 0 0 1 1 1 2.04241e-19 0 0 0 0.00385201 0 0.302148 0 0 0 0 0 1 1 1 2.00153e-19 0 0 2.889 2.889 0 0.00385201 0 0 0 0 0 0 0 1 1 1 1 1  ; 1.30193
1.30193 0 0 0 0 1.0212e-19 1 1 1 9.30677e-20 0 0 0 0.00515755 3.30007e-22 0.313769 0 0 0 0 0 1 1 1 9.00574e-20 0 0 2.90516 2.90516 0 0.00515755 -6.60013e-22 0 0 0 0 0 0 1 1 1 1 1  ; 1.3045
1.3045 1.65003e-22 0 0 0 1.48654e-19 1 1 1 1.13397e-19 0 0 0 0.00561282 6.16028e-22 0.32545 0 0 0 0 0 1 1 1 1.11622e-19 0 0 2.92023 2.92023 0 0.00561282 -9.02049e-22 0 0 0 0 0 0 1 1 1 1 1  ; 1.30731
1.30731 4.73017e-22 0 0 0 2.05353e-19 1 1 1 -8.03623e-20 0 0 0 0.00578334 9.19333e-22 0.337187 0 0 0 0 0 1 1 1 -8.45056e-20 0 0 2.9343 2.9343 0 0.00578334 -1.22264e-21 0 0 0 0 0 0 1 1 1 1 1  ; 1.3102
1.3102 9.32684e-22 0 0 0 1.65171e-19 1 1 1 1.00056e-19 0 0 0 0.00585767 9.49566e-22 0.348977 0 0 0 0 0 1 1 1 1.00835e-19 0 0 2.94742 2.94742 0 0.00585767 -9.79798e-22 0 0 0 0 0 0 1 1 1 1 1  ; 1.31313
1.31313 1.40747e-21 0 0 0 2.15199e-19 1 1 1 1.95559e-19 0 0 0 0.00589878 1.11391e-21 0.360815 0 0 0 0 0 1 1 1 1.95481e-19 0 0 2.95967 2.95967 0 0.00589878 -1.27826e-21 0 0 0 0 0 0 1 1 1 1 1  ; 1.31608
1.31608 1.96442e-21 0 0 0 3.12979e-19 1 1 1 -9.31736e-20 0 0 0 0.00592771 1.48911e-21 0.3727 0 0 0 0 0 1 1 1 -9.39805e-20 0 0 2.97109 2.97109 0 0.00592771 -1.8643e-21 0 0 0 0 0 0 1 1 1 1 1  ; 1.31904
1.31904 2.70898e-21 0 0 0 2.66392e-19 1 1 1 -2.86403e-19 0 0 0 0.00595158 1.54046e-21 0.384627 0 0 0 0 0 1 1 1 -2.84154e-19 0 0 2.98175 2.98175 0 0.00595158 -1.59181e-21 0 0 0 0 0 0 1 1 1 1 1  ; 1.32202
1.32202 3.47921e-21 0 0 0 1.2319e-19 1 1 1 -9.13737e-20 0 0 0 0.00597279 1.13943e-21 0.396593 0 0 0 0 0 1 1 1 -9.08196e-20 0 0 2.9917 2.9917 0 0.00597279 -7.38404e-22 0 0 0 0 0 0 1 1 1 1 1  ; 1.32501
1.32501 4.04892e-21 0 0 0 7.75035e-20 1 1 1 6.45863e-21 0 0 0 0.00599224 8.02679e-22 0.408597 0 0 0 0 0 1 1 1 5.97219e-21 0 0 3.00098 3.00098 0 0.00599224 -4.65927e-22 0 0 0 0 0 0 1 1 1 1 1  ; 1.328
1.328 4.45026e-21 0 0 0 8.07328e-20 1 1 1 5.45277e-20 0 0 0 0.00601027 6.44681e-22 0.420636 0 0 0 0 0 1 1 1 5.58589e-20 0 0 3.00964 3.00964 0 0.00601027 -4.86682e-22 0 0 0 0 0 0 1 1 1 1 1  ; 1.33101
1.33101 4.7726e-21 0 0 0 1.07997e-19 1 1 1 -1.837e-19 0 0 0 0.00602706 6.48698e-22 0.432707 0 0 0 0 0 1 1 1 -1.857e-19 0 0 3.01773 3.01773 0 0.00602706 -6.52716e-22 0 0 0 0 0 0 1 1 1 1 1  ; 1.33459
1.33459 5.15798e-21 0 0 0 4.41251e-20 1 1 1 8.89385e-21 0 0 0 0.00604271 4.58012e-22 0.443678 -1.22067e-22 0 0 0 2.65252e-20 1 1 1 8.45754e-21 0 0 3.02527 3.02527 0 0.00604271 -2.67326e-22 0 0 0 0 0 0 1 1 1 1 1  ; 1.34063
1.34063 5.52046e-21 0 0 0 3.48316e-19 1 1 1 9.42324e-21 0 0 0 0.00605731 1.28648e-21 0.449757 -6.72724e-23 0 0 0 3.31093e-19 1 1 1 7.97554e-21 0 0 3.0323 3.0323 0 0.00605731 -1.79321e-21 0 0 0 0 0 0 1 1 1 1 1  ; 1.3467
1.3467 7.22116e-21 0 0 0 1.48787e-19 1 1 1 -8.44915e-20 0 0 0 0.00607093 1.09589e-21 0.455841 1.8424e-21 0 0 0 -1.39751e-19 1 1 1 -8.87492e-20 0 0 3.03887 3.03887 0 0.00607093 3.1193e-21 0 0 0 0 0 0 1 1 1 1 1  ; 1.35278
1.35278 8.22175e-21 0 0 0 5.15896e-20 1 1 1 -8.59738e-20 0 0 0 0.00608364 7.05198e-22 0.461936 -7.65063e-22 0 0 0 6.59076e-20 1 1 1 -8.51424e-20 0 0 3.045 3.045 0 0.00608364 -2.01668e-21 0 0 0 0 0 0 1 1 1 1 1  ; 1.35887
1.35887 8.73161e-21 0 0 0 -3.58904e-19 1 1 1 -2.76768e-19 0 0 0 0.0060955 -7.43377e-22 0.468043 -2.75309e-22 0 0 0 -4.27471e-20 1 1 1 -2.74756e-19 0 0 3.05071 3.05071 0 0.0060955 2.99621e-21 0 0 0 0 0 0 1 1 1 1 1  ; 1.36497
1.36497 7.26394e-21 0 0 0 -6.11425e-19 1 1 1 -1.76712e-19 0 0 0 0.00610656 -2.24193e-21 0.47416 1.39409e-21 0 0 0 -1.69231e-19 1 1 1 -1.78514e-19 0 0 3.05605 3.05605 0 0.00610656 3.21792e-21 0 0 0 0 0 0 1 1 1 1 1  ; 1.37108
1.37108 4.27275e-21 0 0 0 -5.78021e-19 1 1 1 -8.15269e-20 0 0 0 0.00611689 -2.05644e-21 0.480286 3.06247e-21 0 0 0 -3.05352e-19 1 1 1 -8.36605e-20 0 0 3.06102 3.06102 0 0.00611689 -2.0113e-22 0 0 0 0 0 0 1 1 1 1 1  ; 1.3772
1.3772 2.30905e-21 0 0 0 -2.5456e-19 1 1 1 -1.79571e-19 0 0 0 0.00612652 -1.80923e-21 0.486422 1.18899e-21 0 0 0 -4.81919e-19 1 1 1 -1.77389e-19 0 0 3.06567 3.06567 0 0.00612652 -2.18241e-21 0 0 0 0 0 0 1 1 1 1 1  ; 1.38333
1.38333 6.23433e-22 0 0 0 -3.1417e-19 1 1 1 1.61042e-19 0 0 0 0.00613551 -2.26906e-21 0.492566 -3.16696e-21 0 0 0 -4.44119e-19 1 1 1 1.58574e-19 0 0 3.07 3.07 0 0.00613551 -3.18907e-21 0 0 0 0 0 0 1 1 1 1 1  ; 1.38947
1.38947 -1.87554e-21 0 0 0 -2.77483e-19 1 1 1 3.04508e-19 0 0 0 0.0061439 -1.98811e-21 0.498717 -5.89905e-21 0 0 0 -7.55742e-19 1 1 1 3.04134e-19 0 0 3.07405 3.07405 0 0.0061439 -3.75382e-21 0 0 0 0 0 0 1 1 1 1 1  ; 1.39562
1.39562 -3.72317e-21 0 0 0 2.67583e-19 1 1 1 1.09373e-19 0 0 0 0.00615173 -1.69958e-22 0.504876 -1.34961e-20 0 0 0 -6.21744e-19 1 1 1 1.09673e-19 0 0 3.07782 3.07782 0 0.00615173 -1.09523e-20 0 0 0 0 0 0 1 1 1 1 1  ; 1.40178
1.40178 -2.98405e-21 0 0 0 7.25881e-19 1 1 1 1.10008e-19 0 0 0 0.00615903 2.15303e-21 0.511042 -2.28075e-20 0 0 0 -7.5822e-19 1 1 1 1.07098e-19 0 0 3.08134 3.08134 0 0.00615903 -1.21392e-20 0 0 0 0 0 0 1 1 1 1 1  ; 1.40794
1.40794 3.30469e-22 0 0 0 9.80361e-19 1 1 1 -7.89858e-20 0 0 0 0.00616584 -6.22654e-22 0.517214 -3.66388e-20 0 0 0 -5.50547e-19 1 1 1 -7.92032e-20 0 0 3.08462 3.08462 0 0.00616584 -5.95696e-21 0 0 0 0 0 0 1 1 1 1 1  ; 1.41411
1.41411 -1.68002e-21 0 0 0 9.41609e-19 1 1 1 2.13452e-19 0 0 0 0.0061722 -2.81226e-21 0.523392 -4.00401e-20 0 0 0 -8.09552e-19 1 1 1 2.09612e-19 0 0 3.08769 3.08769 0 0.0061722 -1.79781e-21 0 0 0 0 0 0 1 1 1 1 1  ; 1.42028
1.42028 -5.58708e-21 0 0 0 1.1953e-18 1 1 1 1.95876e-20 0 0 0 0.00617813 -5.12781e-21 0.529576 -4.50461e-20 0 0 0 -1.20364e-18 1 1 1 2.10923e-20 0 0 3.09055 3.09055 0 0.00617813 -2.56449e-21 0 0 0 0 0 0 1 1 1 1 1  ; 1.42646
1.42646 -1.18727e-20 0 0 0 1.515e-18 1 1 1 1.64219e-19 0 0 0 0.00618367 -6.12997e-21 0.535765 -5.24952e-20 0 0 0 -1.15235e-18 1 1 1 1.65472e-19 0 0 3.09322 3.09322 0 0.00618367 -7.7603e-21 0 0 0 0 0 0 1 1 1 1 1  ; 1.43265
1.43265 -1.85037e-20 0 0 0 1.25851e-18 1 1 1 -7.28448e-20 0 0 0 0.00618883 -7.65991e-21 0.541959 -5.96324e-20 0 0 0 -1.48367e-18 1 1 1 -7.61149e-20 0 0 3.09571 3.09571 0 0.00618883 -5.07951e-21 0 0 0 0 0 0 1 1 1 1 1  ; 1.43884
1.43884 -2.69286e-20 0 0 0 1.32415e-18 1 1 1 1.18796e-19 0 0 0 0.00619365 -8.16405e-21 0.548157 -6.88284e-20 0 0 0 -1.39844e-18 1 1 1 1.17395e-19 0 0 3.09803 3.09803 0 0.00619365 -9.71762e-21 0 0 0 0 0 0 1 1 1 1 1  ; 1.44504
1.44504 -3.53447e-20 0 0 0 1.24792e-18 1 1 1 -3.25049e-19 0 0 0 0.00619815 -8.82443e-21 0.554359 -7.7502e-20 0 0 0 -1.52916e-18 1 1 1 2.1324e-19 0 0 3.1002 3.1002 0 0.00619815 -7.85695e-21 0 0 0 0 0 0 1 1 1 1 1  ; 1.45124
1.45124 -4.44993e-20 0 0 0 1.26983e-18 1 1 1 -1.68665e-19 0 0 0 0.00620235 -9.38931e-21 0.560565 -8.69923e-20 0 0 0 -1.60382e-18 1 1 1 -1.71071e-19 0 0 3.10222 3.10222 0 0.00620235 -9.02094e-21 0 0 0 0 0 0 1 1 1 1 1  ; 1.45744
1.45744 -5.41711e-20 0 0 0 1.27529e-18 1 1 1 -2.23405e-20 0 0 0 0.00620626 -1.02064e-20 0.566775 -9.69519e-20 0 0 0 -1.77507e-18 1 1 1 -2.60921e-20 0 0 3.10411 3.10411 0 0.00620626 -8.89026e-21 0 0 0 0 0 0 1 1 1 1 1  ; 1.46365
1.46365 -6.4786e-20 0 0 0 1.39138e-18 1 1 1 2.39287e-20 0 0 0 0.00620992 -1.10257e-20 0.572988 -1.07981e-19 0 0 0 -1.9063e-18 1 1 1 2.50519e-20 0 0 3.10587 3.10587 0 0.00620992 -1.02077e-20 0 0 0 0 0 0 1 1 1 1 1  ; 1.46986
1.46986 -7.62213e-20 0 0 0 1.63141e-18 1 1 1 -1.3002e-19 0 0 0 0.00621333 -1.15413e-20 0.579205 -1.19831e-19 0 0 0 -1.93942e-18 1 1 1 4.08396e-19 0 0 3.10752 3.10752 0 0.00621333 -1.16385e-20 0 0 0 0 0 0 1 1 1 1 1  ; 1.47608
1.47608 -8.80203e-20 0 0 0 1.69409e-18 1 1 1 7.26331e-20 0 0 0 0.00621651 -1.22168e-20 0.585424 -1.31894e-19 0 0 0 -2.07283e-18 1 1 1 7.40076e-20 0 0 3.10905 3.10905 0 0.00621651 -1.12266e-20 0 0 0 0 0 0 1 1 1 1 1  ; 1.4823
1.4823 -1.00575e-19 0 0 0 1.9392e-18 1 1 1 2.17476e-19 0 0 0 0.00621948 -1.09828e-20 0.591647 -1.44791e-19 0 0 0 -1.56671e-18 1 1 1 2.15494e-19 0 0 3.11048 3.11048 0 0.00621948 -1.60412e-20 0 0 0 0 0 0 1 1 1 1 1  ; 1.48852
1.48852 -1.10941e-19 0 0 0 2.0869e-18 1 1 1 -1.67924e-19 0 0 0 0.00622225 -1.02353e-20 0.597872 -1.54544e-19 0 0 0 -1.52415e-18 1 1 1 -1.70767e-19 0 0 3.11181 3.11181 0 0.00622225 -1.00134e-20 0 0 0 0 0 0 1 1 1 1 1  ; 1.49474
1.49474 -1.20802e-19 0 0 0 1.7788e-18 1 1 1 -7.21037e-20 0 0 0 0.00622483 -9.75237e-21 0.604099 -1.64035e-19 0 0 0 -1.48849e-18 1 1 1 -7.34634e-20 0 0 3.11306 3.11306 0 0.00622483 -9.70961e-21 0 0 0 0 0 0 1 1 1 1 1  ; 1.50097
1.50097 -1.30313e-19 0 0 0 1.66725e-18 1 1 1 1.20702e-19 0 0 0 0.00622724 -9.72923e-21 0.610328 -1.73307e-19 0 0 0 -1.55805e-18 1 1 1 1.20019e-19 0 0 3.11422 3.11422 0 0.00622724 -8.83582e-21 0 0 0 0 0 0 1 1 1 1 1  ; 1.5072
1.5072 -1.40031e-19 0 0 0 2.04672e-18 1 1 1 1.53736e-19 0 0 0 0.00622949 1.51271e-21 0.61656 -1.83017e-19 0 0 0 -9.81156e-19 1 1 1 1.56468e-19 0 0 3.11531 3.11531 0 0.00622949 -3.21698e-20 0 0 0 0 0 0 1 1 1 1 1  ; 1.51343
1.51343 -1.32897e-19 0 0 0 2.24398e-18 1 1 1 -3.73965e-19 0 0 0 0.00623159 -1.90892e-21 0.622793 -2.08002e-19 0 0 0 -8.5512e-19 1 1 1 1.64808e-19 0 0 3.11632 3.11632 0 0.00623159 -6.89984e-21 0 0 0 0 0 0 1 1 1 1 1  ; 1.51966
1.51966 -1.36517e-19 0 0 0 2.44695e-18 1 1 1 -1.71736e-19 0 0 0 0.00623355 -3.23025e-21 0.629029 -2.13334e-19 0 0 0 -7.29946e-19 1 1 1 -1.71478e-19 0 0 3.11726 3.11726 0 0.00623355 -6.11095e-21 0 0 0 0 0 0 1 1 1 1 1  ; 1.52589
1.52589 -1.40408e-19 0 0 0 2.40936e-18 1 1 1 2.30816e-20 0 0 0 0.00623538 -4.55272e-21 0.635266 -2.17886e-19 0 0 0 -9.4196e-19 1 1 1 2.12531e-20 0 0 3.11815 3.11815 0 0.00623538 -3.22912e-21 0 0 0 0 0 0 1 1 1 1 1  ; 1.53213
1.53213 -1.45622e-19 0 0 0 2.50645e-18 1 1 1 1.68454e-19 0 0 0 0.00623708 -5.77135e-21 0.641504 -2.23763e-19 0 0 0 -1.1204e-18 1 1 1 1.66845e-19 0 0 3.11897 3.11897 0 0.00623708 -4.7618e-21 0 0 0 0 0 0 1 1 1 1 1  ; 1.53837
1.53837 -1.52002e-19 0 0 0 2.50841e-18 1 1 1 2.25523e-20 0 0 0 0.00623867 -5.83858e-21 0.647745 -2.30754e-19 0 0 0 -9.46405e-19 1 1 1 2.20316e-20 0 0 3.11974 3.11974 0 0.00623867 -8.07565e-21 0 0 0 0 0 0 1 1 1 1 1  ; 1.54461
1.54461 -1.57875e-19 0 0 0 2.39337e-18 1 1 1 2.51992e-20 0 0 0 0.00624016 -7.09233e-21 0.653986 -2.36661e-19 0 0 0 -1.33716e-18 1 1 1 2.25986e-20 0 0 3.12045 3.12045 0 0.00624016 -3.46677e-21 0 0 0 0 0 0 1 1 1 1 1  ; 1.55085
1.55085 -1.65594e-19 0 0 0 2.74298e-18 1 1 1 1.69089e-19 0 0 0 0.00624155 -7.50307e-21 0.660229 -2.45009e-19 0 0 0 -1.26764e-18 1 1 1 1.67494e-19 0 0 3.12112 3.12112 0 0.00624155 -8.77994e-21 0 0 0 0 0 0 1 1 1 1 1  ; 1.55709
1.55709 -1.73302e-19 0 0 0 2.85495e-18 1 1 1 2.16629e-19 0 0 0 0.00624284 -7.61909e-21 0.666473 -2.52924e-19 0 0 0 -1.23878e-18 1 1 1 2.15955e-19 0 0 3.12174 3.12174 0 0.00624284 -8.09388e-21 0 0 0 0 0 0 1 1 1 1 1  ; 1.56333
1.56333 -1.80979e-19 0 0 0 3.08884e-18 1 1 1 1.20702e-19 0 0 0 0.00624405 -8.09894e-21 0.672718 -2.60661e-19 0 0 0 -1.37365e-18 1 1 1 1.20238e-19 0 0 3.12232 3.12232 0 0.00624405 -6.89272e-21 0 0 0 0 0 0 1 1 1 1 1  ; 1.56958
1.56958 -1.89318e-19 0 0 0 3.30388e-18 1 1 1 -2.44581e-20 0 0 0 0.00624517 -7.84761e-21 0.678964 -2.69241e-19 0 0 0 -1.21613e-18 1 1 1 -2.45323e-20 0 0 3.12287 3.12287 0 0.00624517 -9.56263e-21 0 0 0 0 0 0 1 1 1 1 1  ; 1.57582
1.57582 -1.9704e-19 0 0 0 3.06253e-18 1 1 1 -4.68197e-19 0 0 0 0.00624622 -7.62478e-21 0.685212 -2.76838e-19 0 0 0 -1.18483e-18 1 1 1 6.99723e-20 0 0 3.12337 3.12337 0 0.00624622 -7.7917e-21 0 0 0 0 0 0 1 1 1 1 1  ; 1.58207
1.58207 -2.04554e-19 0 0 0 2.7378e-18 1 1 1 1.20914e-19 0 0 0 0.0062472 -7.77383e-21 0.69146 -2.84241e-19 0 0 0 -1.26803e-18 1 1 1 1.19599e-19 0 0 3.12385 3.12385 0 0.0062472 -6.88204e-21 0 0 0 0 0 0 1 1 1 1 1  ; 1.58832
1.58832 -2.12402e-19 0 0 0 2.592e-18 1 1 1 -1.78089e-19 0 0 0 0.00624812 -8.48935e-21 0.697709 -2.92165e-19 0 0 0 -1.47301e-18 1 1 1 3.6026e-19 0 0 3.12429 3.12429 0 0.00624812 -6.64185e-21 0 0 0 0 0 0 1 1 1 1 1  ; 1.59457
1.59457 -2.21249e-19 0 0 0 2.55706e-18 1 1 1 7.41154e-20 0 0 0 0.00624897 -9.50143e-21 0.703958 -3.01371e-19 0 0 0 -1.68221e-18 1 1 1 7.32589e-20 0 0 3.1247 3.1247 0 0.00624897 -7.89734e-21 0 0 0 0 0 0 1 1 1 1 1  ; 1.60082
1.60082 -2.31256e-19 0 0 0 3.1809e-18 1 1 1 -2.28699e-20 0 0 0 0.00624977 -9.87128e-21 0.710209 -3.11886e-19 0 0 0 -1.63844e-18 1 1 1 -2.27359e-20 0 0 3.12508 3.12508 0 0.00624977 -1.0787e-20 0 0 0 0 0 0 1 1 1 1 1  ; 1.60707
1.60707 -2.41313e-19 0 0 0 3.09556e-18 1 1 1 -1.68665e-19 0 0 0 0.00625051 -9.48471e-21 0.71646 -3.22128e-19 0 0 0 -1.45541e-18 1 1 1 -1.67615e-19 0 0 3.12544 3.12544 0 0.00625051 -1.13852e-20 0 0 0 0 0 0 1 1 1 1 1  ; 1.61332
1.61332 -2.50604e-19 0 0 0 3.14517e-18 1 1 1 -2.33358e-19 0 0 0 0.0062512 5.08927e-21 0.722712 -3.31227e-19 0 0 0 -1.06662e-18 1 1 1 -2.32769e-19 0 0 3.12577 3.12577 0 0.0062512 -3.78604e-20 0 0 0 0 0 0 1 1 1 1 1  ; 1.61957
1.61957 -2.38228e-19 0 0 0 3.59335e-18 1 1 1 -2.66074e-19 0 0 0 0.00625185 1.50506e-22 0.728964 -3.64227e-19 0 0 0 -7.65815e-19 1 1 1 -2.67723e-19 0 0 3.12609 3.12609 0 0.00625185 -8.54915e-21 0 0 0 0 0 0 1 1 1 1 1  ; 1.62582
1.62582 -2.40547e-19 0 0 0 3.61447e-18 1 1 1 -1.2102e-19 0 0 0 0.00625245 -2.67317e-21 0.735217 -3.69016e-19 0 0 0 -8.79065e-19 1 1 1 -1.22618e-19 0 0 3.12638 3.12638 0 0.00625245 -4.08006e-21 0 0 0 0 0 0 1 1 1 1 1  ; 1.63207
1.63207 -2.44632e-19 0 0 0 3.62745e-18 1 1 1 -7.34801e-20 0 0 0 0.00625301 -4.68994e-21 0.741471 -3.74513e-19 0 0 0 -1.07246e-18 1 1 1 -7.26259e-20 0 0 3.12665 3.12665 0 0.00625301 -4.28739e-21 0 0 0 0 0 0 1 1 1 1 1  ; 1.63833
1.63833 -2.5033e-19 0 0 0 4.00459e-18 1 1 1 -7.18919e-20 0 0 0 0.00625354 -6.1002e-21 0.747725 -3.81221e-19 0 0 0 -1.20089e-18 1 1 1 -7.25751e-20 0 0 3.1269 3.1269 0 0.00625354 -5.90347e-21 0 0 0 0 0 0 1 1 1 1 1  ; 1.64458
1.64458 -2.57135e-19 0 0 0 4.04371e-18 1 1 1 2.18111e-20 0 0 0 0.00625403 -5.75669e-21 0.75398 -3.88732e-19 0 0 0 -8.65483e-19 1 1 1 2.35265e-20 0 0 3.12714 3.12714 0 0.00625403 -9.60822e-21 0 0 0 0 0 0 1 1 1 1 1  ; 1.65084
1.65084 -2.6272e-19 0 0 0 4.57607e-18 1 1 1 -2.56227e-20 0 0 0 0.00625449 -4.78993e-21 0.760234 -3.94145e-19 0 0 0 -6.11223e-19 1 1 1 -2.69177e-20 0 0 3.12736 3.12736 0 0.00625449 -7.00354e-21 0 0 0 0 0 0 1 1 1 1 1  ; 1.65709
1.3 0 0 0 0 0 1 1 1 0 0 0 0 0 0 0.000837818 -5 0 0 0 0 1 1 1 0 0 0 0.209455 0.209455 0 0.000837818 0 0 0 0 0 0 0 1 1 1 1 1  ; 1.3
1.3 0 0 0 0 0 1 1 1 0 0 0 0 0 0 0.0024574 -5 0 0 0 0 1 1 1 0 0 0 0.404895 0.404895 0 0.00161958 0 0 0 0 0 0 0 1 1 1 1 1  ; 1.3
1.3 0 0 0 0 0 1 1 1 0 0 0 0 0 0 0.00480643 -5 0 0 0 0 1 1 1 0 0 0 0.587258 0.587258 0 0.00234903 0 0 0 0 0 0 0 1 1 1 1 1  ; 1.3
1.3 0 0 0 0 0 1 1 1 0 0 0 0 0 0 0.00783611 -5 0 0 0 0 1 1 1 0 0 0 0.75742 0.75742 0 0.00302968 0 0 0 0 0 0 0 1 1 1 1 1  ; 1.3
1.3 0 0 0 0 0 1 1 1 0 0 0 0 0 0 0.0115009 -5 0 0 0 0 1 1 1 0 0 0 0.916196 0.916196 0 0.00366478 0 0 0 0 0 0 0 1 1 1 1 1  ; 1.3
1.3 0 0 0 0 0 1 1 1 0 0 0 0 0 0 0.0157583 -5 0 0 0 0 1 1 1 0 0 0 1.06435 1.06435 0 0.0042574 0 0 0 0 0 0 0 1 1 1 1 1  ; 1.3
1.3 0 0 0 0 0 1 1 1 0 0 0 0 0 0 0.0205686 -5 0 0 0 0 1 1 1 0 0 0 1.20259 1.20259 0 0.00481036 0 0 0 0 0 0 0 1 1 1 1 1  ; 1.3
1.3 0 0 0 0 0 1 1 1 0 0 0 0 0 0 0.025895 -5 0 0 0 0 1 1 1 0 0 0 1.33158 1.33158 0 0.00532632 0 0 0 0 0 0 0 1 1 1 1 1  ; 1.3
1.3 0 0 0 0 0 1 1 1 0 0 0 0 0 0 0.0317027 -5 0 0 0 0 1 1 1 0 0 0 1.45194 1.45194 0 0.00580776 0 0 0 0 0 0 0 1 1 1 1 1  ; 1.3
1.3 0 0 0 0 0 1 1 1 0 0 0 0 0 0 0.0379597 -5 0 0 0 0 1 1 1 0 0 0 1.56425 1.56425 0 0.00625698 0 0 0 0 0 0 0 1 1 1 1 1  ; 1.3
1.3 0 0 0 0 0 1 1 1 0 0 0 0 0 0 0.0446359 -5 0 0 0 0 1 1 1 0 0 0 1.66904 1.66904 0 0.00667615 0 0 0 0 0 0 0 1 1 1 1 1  ; 1.3
1.3 0 0 0 0 0 1 1 1 0 0 0 0 0 0 0.0517031 -5 0 0 0 0 1 1 1 0 0 0 1.76682 1.76682 0 0.00706727 0 0 0 0 0 0 0 1 1 1 1 1  ; 1.3
1.3 0 0 0 0 0 1 1 1 0 0 0 0 0 0 0.0591354 -5 0 0 0 0 1 1 1 0 0 0 1.85806 1.85806 0 0.00743223 0 0 0 0 0 0 0 1 1 1 1 1  ; 1.3
1.3 0 0 0 0 0 1 1 1 0 0 0 0 0 0 0.0669081 -5 0 0 0 0 1 1 1 0 0 0 1.94319 1.94319 0 0.00777276 0 0 0 0 0 0 0 1 1 1 1 1  ; 1.3
1.3 0 0 0 0 0 1 1 1 0 0 0 0 0 0 0.0749986 -5 0 0 0 0 1 1 1 0 0 0 2.02263 2.02263 0 0.00809051 0 0 0 0 0 0 0 1 1 1 1 1  ; 1.3
1.3 0 0 0 0 0 1 1 1 0 0 0 0 0 0 0.0833856 -5 0 0 0 0 1 1 1 0 0 0 2.09675 2.09675 0 0.008387 0 0 0 0 0 0 0 1 1 1 1 1  ; 1.3
1.3 0 0 0 0 0 1 1 1 0 0 0 0 0 0 0.0920493 -5 0 0 0 0 1 1 1 0 0 0 2.16591 2.16591 0 0.00866365 0 0 0 0 0 0 0 1 1 1 1 1  ; 1.3
1.3 0 0 0 0 0 1 1 1 0 0 0 0 0 0 0.100971 -5 0 0 0 0 1 1 1 0 0 0 2.23045 2.23045 0 0.00892179 0 0 0 0 0 0 0 1 1 1 1 1  ; 1.3
1.3 0 0 0 0 0 1 1 1 0 0 0 0 0 0 0.110134 -5 0 0 0 0 1 1 1 0 0 0 2.29067 2.29067 0 0.00916266 0 0 0 0 0 0 0 1 1 1 1 1  ; 1.3
1.3 0 0 0 0 0 1 1 1 0 0 0 0 0 0 0.119521 -5 0 0 0 0 1 1 1 0 0 0 2.34685 2.34685 0 0.00938742 0 0 0 0 0 0 0 1 1 1 1 1  ; 1.3
1.3 0 0 0 0 0 1 1 1 0 0 0 0 0 0 0.129118 -5 0 0 0 0 1 1 1 0 0 0 2.39928 2.39928 0 0.00959713 0 0 0 0 0 0 0 1 1 1 1 1  ; 1.3
1.3 0 0 0 0 0 1 1 1 0 0 0 0 0 0 0.138911 -5 0 0 0 0 1 1 1 0 0 0 2.4482 2.4482 0 0.00979281 0 0 0 0 0 0 0 1 1 1 1 1  ; 1.3
1.3 0 0 0 0 0 1 1 1 0 0 0 0 0 0 0.148887 -5 0 0 0 0 1 1 1 0 0 0 2.49385 2.49385 0 0.0099754 0 0 0 0 0 0 0 1 1 1 1 1  ; 1.3
1.3 0 0 0 0 0 1 1 1 0 0 0 0 0 0 0.159032 -5 0 0 0 0 1 1 1 0 0 0 2.53644 2.53644 0 0.0101458 0 0 0 0 0 0 0 1 1 1 1 1  ; 1.3
1.3 0 0 0 0 0 1 1 1 0 0 0 0 0 0 0.169337 -5 0 0 0 0 1 1 1 0 0 0 2.57619 2.57619 0 0.0103047 0 0 0 0 0 0 0 1 1 1 1 1  ; 1.3
1.3 0 0 0 0 0 1 1 1 0 0 0 0 0 0 0.17979 -5 0 0 0 0 1 1 1 0 0 0 2.61327 2.61327 0 0.0104531 0 0 0 0 0 0 0 1 1 1 1 1  ; 1.3
1.3 0 0 0 0 0 1 1 1 0 0 0 0 0 0 0.190382 -5 0 0 0 0 1 1 1 0 0 0 2.64787 2.64787 0 0.0105915 0 0 0 0 0 0 0 1 1 1 1 1  ; 1.3
1.3 0 0 0 0 0 1 1 1 0 0 0 0 0 0 0.201102 -5 0 0 0 0 1 1 1 0 0 0 2.68016 2.68016 0 0.0107206 0 0 0 0 0 0 0 1 1 1 1 1  ; 1.3
1.3 0 0 0 0 0 1 1 1 0 0 0 0 0 0 0.211943 -5 0 0 0 0 1 1 1 0 0 0 2.71029 2.71029 0 0.0108412 0 0 0 0 0 0 0 1 1 1 1 1  ; 1.3
1.3 0 0 0 0 0 1 1 1 0 0 0 0 0 0 0.222897 -5 0 0 0 0 1 1 1 0 0 0 2.7384 2.7384 0 0.0109536 0 0 0 0 0 0 0 1 1 1 1 1  ; 1.3
1.3 0 0 0 0 0 1 1 1 0 0 0 0 0 0 0.233956 -5 0 0 0 0 1 1 1 0 0 0 2.76463 2.76463 0 0.0110585 0 0 0 0 0 0 0 1 1 1 1 1  ; 1.3
1.3 0 0 0 0 0 1 1 1 0 0 0 0 0 0 0.245112 -5 0 0 0 0 1 1 1 0 0 0 2.78911 2.78911 0 0.0111564 0 0 0 0 0 0 0 1 1 1 1 1  ; 1.3
1.3 0 0 0 0 0 1 1 1 0 0 0 0 0 0 0.25636 -5 0 0 0 0 1 1 1 0 0 0 2.81194 2.81194 0 0.0112478 0 0 0 0 0 0 0 1 1 1 1 1  ; 1.3
1.3 0 0 0 0 0 1 1 1 0 0 0 0 0 0 0.267693 -5 0 0 0 0 1 1 1 0 0 0 2.83325 2.83325 0 0.011333 0 0 0 0 0 0 0 1 1 1 1 1  ; 1.3
1.3 0 0 0 0 0 1 1 1 0 0 0 0 0 0 0.279105 -5 0 0 0 0 1 1 1 0 0 0 2.85314 2.85314 0 0.0114126 0 0 0 0 0 0 0 1 1 1 1 1  ; 1.3
1.3 0 0 0 0 0 1 1 1 0 0 0 0 0 0 0.290592 -5 0 0 0 0 1 1 1 0 0 0 2.87169 2.87169 0 0.0114868 0 0 0 0 0 0 0 1 1 1 1 1  ; 1.3
1.3 0 0 0 0 0 1 1 1 0 0 0 0 0 0 0.302148 -5 0 0 0 0 1 1 1 0 0 0 2.889 2.889 0 0.011556 0 0 0 0 0 0 0 1 1 1 1 1  ; 1.3
1.3 0 0 0 0 0 1 1 1 0 0 0 0 0 0 0.313769 -5 0 0 0 0 1 1 1 0 0 0 2.90516 2.90516 0 0.0116206 0 0 0 0 0 0 0 1 1 1 1 1  ; 1.3
1.3 0 0 0 0 0 1 1 1 0 0 0 0 0 0 0.32545 -5 0 0 0 0 1 1 1 0 0 0 2.92023 2.92023 0 0.0116809 0 0 0 0 0 0 0 1 1 1 1 1  ; 1.3
1.3 0 0 0 0 0 1 1 1 0 0 0 0 0 0 0.337187 -5 0 0 0 0 1 1 1 0 0 0 2.9343 2.9343 0 0.0117372 0 0 0 0 0 0 0 1 1 1 1 1  ; 1.3
1.3 0 0 0 0 0 1 1 1 0 0 0 0 0 0 0.348977 -5 0 0 0 0 1 1 1 0 0 0 2.94742 2.94742 0 0.0117897 0 0 0 0 0 0 0 1 1 1 1 1  ; 1.3
1.3 0 0 0 0 0 1 1 1 0 0 0 0 0 0 0.360815 -5 0 0 0 0 1 1 1 0 0 0 2.95967 2.95967 0 0.0118387 0 0 0 0 0 0 0 1 1 1 1 1  ; 1.3
1.3 0 0 0 0 0 1 1 1 0 0 0 0 0 0 0.3727 -5 0 0 0 0 1 1 1 0 0 0 2.97109 2.97109 0 0.0118844 0 0 0 0 0 0 0 1 1 1 1 1  ; 1.3
1.3 0 0 0 0 0 1 1 1 0 0 0 0 0 0 0.384627 -5 0 0 0 0 1 1 1 0 0 0 2.98175 2.98175 0 0.011927 0 0 0 0 0 0 0 1 1 1 1 1  ; 1.3
1.3 0 0 0 0 0 1 1 1 0 0 0 0 0 0 0.396593 -5 0 0 0 0 1 1 1 0 0 0 2.9917 2.9917 0 0.0119668 0 0 0 0 0 0 0 1 1 1 1 1  ; 1.3
1.3 0 0 0 0 0 1 1 1 0 0 0 0 0 0 0.408597 -5 0 0 0 0 1 1 1 0 0 0 3.00098 3.00098 0 0.0120039 0 0 0 0 0 0 0 1 1 1 1 1  ; 1.3
1.3 0 0 0 0 0 1 1 1 0 0 0 0 0 0 0.420636 -5 0 0 0 0 1 1 1 0 0 0 3.00964 3.00964 0 0.0120386 0 0 0 0 0 0 0 1 1 1 1 1  ; 1.3
1.3 0 0 0 0 0 1 1 1 0 0 0 0 0 0 0.432707 -5 0 0 0 0 1 1 1 0 0 0 3.01773 3.01773 0 0.0120709 0 0 0 0 0 0 0 1 1 1 1 1  ; 1.3
1.3 0 0 0 0 0 1 1 1 0 0 0 0 0 0 0.444808 -5 0 0 0 0 1 1 1 0 0 0 3.02527 3.02527 0 0.0121011 0 0 0 0 0 0 0 1 1 1 1 1  ; 1.3
1.3 0 0 0 0 0 1 1 1 0 0 0 0 0 0 0.456937 -5 0 0 0 0 1 1 1 0 0 0 3.0323 3.0323 0 0.0121292 0 0 0 0 0 0 0 1 1 1 1 1  ; 1.3
1.3 0 0 0 0 0 1 1 1 0 0 0 0 0 0 0.469093 -5 0 0 0 0 1 1 1 0 0 0 3.03887 3.03887 0 0.0121555 0 0 0 0 0 0 0 1 1 1 1 1  ; 1.3
1.3 0 0 0 0 0 1 1 1 0 0 0 0 0 0 0.481273 -5 0 0 0 0 1 1 1 0 0 0 3.045 3.045 0 0.01218 0 0 0 0 0 0 0 1 1 1 1 1  ; 1.3
1.3 0 0 0 0 0 1 1 1 0 0 0 0 0 0 0.493475 -5 0 0 0 0 1 1 1 0 0 0 3.05071 3.05071 0 0.0122029 0 0 0 0 0 0 0 1 1 1 1 1  ; 1.3
1.3 0 0 0 0 0 1 1 1 0 0 0 0 0 0 0.5057 -5 0 0 0 0 1 1 1 0 0 0 3.05605 3.05605 0 0.0122242 0 0 0 0 0 0 0 1 1 1 1 1  ; 1.3
1.3 0 0 0 0 0 1 1 1 0 0 0 0 0 0 0.517944 -5 0 0 0 0 1 1 1 0 0 0 3.06102 3.06102 0 0.0122441 0 0 0 0 0 0 0 1 1 1 1 1  ; 1.3
1.3 0 0 0 0 0 1 1 1 0 0 0 0 0 0 0.530206 -5 0 0 0 0 1 1 1 0 0 0 3.06567 3.06567 0 0.0122627 0 0 0 0 0 0 0 1 1 1 1 1  ; 1.3
1.3 0 0 0 0 0 1 1 1 0 0 0 0 0 0 0.542486 -5 0 0 0 0 1 1 1 0 0 0 3.07 3.07 0 0.01228 0 0 0 0 0 0 0 1 1 1 1 1  ; 1.3
1.3 0 0 0 0 0 1 1 1 0 0 0 0 0 0 0.554783 -5 0 0 0 0 1 1 1 0 0 0 3.07405 3.07405 0 0.0122962 0 0 0 0 0 0 0 1 1 1 1 1  ; 1.3
1.3 0 0 0 0 0 1 1 1 0 0 0 0 0 0 0.567094 -5 0 0 0 0 1 1 1 0 0 0 3.07782 3.07782 0 0.0123113 0 0 0 0 0 0 0 1 1 1 1 1  ; 1.3
1.3 0 0 0 0 0 1 1 1 0 0 0 0 0 0 0.579419 -5 0 0 0 0 1 1 1 0 0 0 3.08134 3.08134 0 0.0123254 0 0 0 0 0 0 0 1 1 1 1 1  ; 1.3
1.3 0 0 0 0 0 1 1 1 0 0 0 0 0 0 0.591758 -5 0 0 0 0 1 1 1 0 0 0 3.08462 3.08462 0 0.0123385 0 0 0 0 0 0 0 1 1 1 1 1  ; 1.3
1.3 0 0 0 0 0 1 1 1 0 0 0 0 0 0 0.604108 -5 0 0 0 0 1 1 1 0 0 0 3.08769 3.08769 0 0.0123508 0 0 0 0 0 0 0 1 1 1 1 1  ; 1.3
1.3 0 0 0 0 0 1 1 1 0 0 0 0 0 0 0.616471 -5 0 0 0 0 1 1 1 0 0 0 3.09055 3.09055 0 0.0123622 0 0 0 0 0 0 0 1 1 1 1 1  ; 1.3
1.3 0 0 0 0 0 1 1 1 0 0 0 0 0 0 0.628844 -5 0 0 0 0 1 1 1 0 0 0 3.09322 3.09322 0 0.0123729 0 0 0 0 0 0 0 1 1 1 1 1  ; 1.3
1.3 0 0 0 0 0 1 1 1 0 0 0 0 0 0 0.641226 -5 0 0 0 0 1 1 1 0 0 0 3.09571 3.09571 0 0.0123828 0 0 0 0 0 0 0 1 1 1 1 1  ; 1.3
1.3 0 0 0 0 0 1 1 1 0 0 0 0 0 0 0.653619 -5 0 0 0 0 1 1 1 0 0 0 3.09803 3.09803 0 0.0123921 0 0 0 0 0 0 0 1 1 1 1 1  ; 1.3
1.3 0 0 0 0 0 1 1 1 0 0 0 0 0 0 0.666019 -5 0 0 0 0 1 1 1 0 0 0 3.1002 3.1002 0 0.0124008 0 0 0 0 0 0 0 1 1 1 1 1  ; 1.3
1.3 0 0 0 0 0 1 1 1 0 0 0 0 0 0 0.678428 -5 0 0 0 0 1 1 1 0 0 0 3.10222 3.10222 0 0.0124089 0 0 0 0 0 0 0 1 1 1 1 1  ; 1.3
1.3 0 0 0 0 0 1 1 1 0 0 0 0 0 0 0.690845 -5 0 0 0 0 1 1 1 0 0 0 3.10411 3.10411 0 0.0124164 0 0 0 0 0 0 0 1 1 1 1 1  ; 1.3
1.3 0 0 0 0 0 1 1 1 0 0 0 0 0 0 0.703268 -5 0 0 0 0 1 1 1 0 0 0 3.10587 3.10587 0 0.0124235 0 0 0 0 0 0 0 1 1 1 1 1  ; 1.3
1.3 0 0 0 0 0 1 1 1 0 0 0 0 0 0 0.715698 -5 0 0 0 0 1 1 1 0 0 0 3.10752 3.10752 0 0.0124301 0 0 0 0 0 0 0 1 1 1 1 1  ; 1.3
1.3 0 0 0 0 0 1 1 1 0 0 0 0 0 0 0.728134 -5 0 0 0 0 1 1 1 0 0 0 3.10905 3.10905 0 0.0124362 0 0 0 0 0 0 0 1 1 1 1 1  ; 1.3
1.3 0 0 0 0 0 1 1 1 0 0 0 0 0 0 0.740576 -5 0 0 0 0 1 1 1 0 0 0 3.11048 3.11048 0 0.0124419 0 0 0 0 0 0 0 1 1 1 1 1  ; 1.3
1.3 0 0 0 0 0 1 1 1 0 0 0 0 0 0 0.753024 -5 0 0 0 0 1 1 1 0 0 0 3.11181 3.11181 0 0.0124473 0 0 0 0 0 0 0 1 1 1 1 1  ; 1.3
1.3 0 0 0 0 0 1 1 1 0 0 0 0 0 0 0.765476 -5 0 0 0 0 1 1 1 0 0 0 3.11306 3.11306 0 0.0124522 0 0 0 0 0 0 0 1 1 1 1 1  ; 1.3
1.3 0 0 0 0 0 1 1 1 0 0 0 0 0 0 0.777933 -5 0 0 0 0 1 1 1 0 0 0 3.11422 3.11422 0 0.0124569 0 0 0 0 0 0 0 1 1 1 1 1  ; 1.3
1.3 0 0 0 0 0 1 1 1 0 0 0 0 0 0 0.790394 -5 0 0 0 0 1 1 1 0 0 0 3.11531 3.11531 0 0.0124612 0 0 0 0 0 0 0 1 1 1 1 1  ; 1.3
1.3 0 0 0 0 0 1 1 1 0 0 0 0 0 0 0.802859 -5 0 0 0 0 1 1 1 0 0 0 3.11632 3.11632 0 0.0124653 0 0 0 0 0 0 0 1 1 1 1 1  ; 1.3
1.3 0 0 0 0 0 1 1 1 0 0 0 0 0 0 0.815328 -5 0 0 0 0 1 1 1 0 0 0 3.11726 3.11726 0 0.0124691 0 0 0 0 0 0 0 1 1 1 1 1  ; 1.3
1.3 0 0 0 0 0 1 1 1 0 0 0 0 0 0 0.827801 -5 0 0 0 0 1 1 1 0 0 0 3.11815 3.11815 0 0.0124726 0 0 0 0 0 0 0 1 1 1 1 1  ; 1.3
1.3 0 0 0 0 0 1 1 1 0 0 0 0 0 0 0.840277 -5 0 0 0 0 1 1 1 0 0 0 3.11897 3.11897 0 0.0124759 0 0 0 0 0 0 0 1 1 1 1 1  ; 1.3
1.3 0 0 0 0 0 1 1 1 0 0 0 0 0 0 0.852756 -5 0 0 0 0 1 1 1 0 0 0 3.11974 3.11974 0 0.0124789 0 0 0 0 0 0 0 1 1 1 1 1  ; 1.3
1.3 0 0 0 0 0 1 1 1 0 0 0 0 0 0 0.865238 -5 0 0 0 0 1 1 1 0 0 0 3.12045 3.12045 0 0.0124818 0 0 0 0 0 0 0 1 1 1 1 1  ; 1.3
1.3 0 0 0 0 0 1 1 1 0 0 0 0 0 0 0.877722 -5 0 0 0 0 1 1 1 0 0 0 3.12112 3.12112 0 0.0124845 0 0 0 0 0 0 0 1 1 1 1 1  ; 1.3
1.3 0 0 0 0 0 1 1 1 0 0 0 0 0 0 0.890209 -5 0 0 0 0 1 1 1 0 0 0 3.12174 3.12174 0 0.012487 0 0 0 0 0 0 0 1 1 1 1 1  ; 1.3
1.3 0 0 0 0 0 1 1 1 0 0 0 0 0 0 0.902698 -5 0 0 0 0 1 1 1 0 0 0 3.12232 3.12232 0 0.0124893 0 0 0 0 0 0 0 1 1 1 1 1  ; 1.3
1.3 0 0 0 0 0 1 1 1 0 0 0 0 0 0 0.91519 -5 0 0 0 0 1 1 1 0 0 0 3.12287 3.12287 0 0.0124915 0 0 0 0 0 0 0 1 1 1 1 1  ; 1.3
1.3 0 0 0 0 0 1 1 1 0 0 0 0 0 0 0.927683 -5 0 0 0 0 1 1 1 0 0 0 3.12337 3.12337 0 0.0124935 0 0 0 0 0 0 0 1 1 1 1 1  ; 1.3
1.3 0 0 0 0 0 1 1 1 0 0 0 0 0 0 0.940179 -5 0 0 0 0 1 1 1 0 0 0 3.12385 3.12385 0 0.0124954 0 0 0 0 0 0 0 1 1 1 1 1  ; 1.3
1.3 0 0 0 0 0 1 1 1 0 0 0 0 0 0 0.952676 -5 0 0 0 0 1 1 1 0 0 0 3.12429 3.12429 0 0.0124971 0 0 0 0 0 0 0 1 1 1 1 1  ; 1.3
1.3 0 0 0 0 0 1 1 1 0 0 0 0 0 0 0.965175 -5 0 0 0 0 1 1 1 0 0 0 3.1247 3.1247 0 0.0124988 0 0 0 0 0 0 0 1 1 1 1 1  ; 1.3
1.3 0 0 0 0 0 1 1 1 0 0 0 0 0 0 0.977675 -5 0 0 0 0 1 1 1 0 0 0 3.12508 3.12508 0 0.0125003 0 0 0 0 0 0 0 1 1 1 1 1  ; 1.3
1.3 0 0 0 0 0 1 1 1 0 0 0 0 0 0 0.990177 -5 0 0 0 0 1 1 1 0 0 0 3.12544 3.12544 0 0.0125018 0 0 0 0 0 0 0 1 1 1 1 1  ; 1.3
1.3 0 0 0 0 0 1 1 1 0 0 0 0 0 0 1.00268 -5 0 0 0 0 1 1 1 0 0 0 3.12577 3.12577 0 0.0125031 0 0 0 0 0 0 0 1 1 1 1 1  ; 1.3
1.3 0 0 0 0 0 1 1 1 0 0 0 0 0 0 1.01518 -5 0 0 0 0 1 1 1 0 0 0 3.12609 3.12609 0 0.0125043 0 0 0 0 0 0 0 1 1 1 1 1  ; 1.3
1.3 0 0 0 0 0 1 1 1 0 0 0 0 0 0 1.02769 -5 0 0 0 0 1 1 1 0 0 0 3.12638 3.12638 0 0.0125055 0 0 0 0 0 0 0 1 1 1 1 1  ; 1.3
1.3 0 0 0 0 0 1 1 1 0 0 0 0 0 0 1.0402 -5 0 0 0 0 1 1 1 0 0 0 3.12665 3.12665 0 0.0125066 0 0 0 0 0 0 0 1 1 1 1 1  ; 1.3
1.3 0 0 0 0 0 1 1 1 0 0 0 0 0 0 1.0527 -5 0 0 0 0 1 1 1 0 0 0 3.1269 3.1269 0 0.0125076 0 0 0 0 0 0 0 1 1 1 1 1  ; 1.3
1.3 0 0 0 0 0 1 1 1 0 0 0 0 0 0 1.06521 -5 0 0 0 0 1 1 1 0 0 0 3.12714 3.12714 0 0.0125086 0 0 0 0 0 0 0 1 1 1 1 1  ; 1.3
1.3 0 0 0 0 0 1 1 1 0 0 0 0 0 0 1.07772 -5 0 0 0 0 1 1 1 0 0 0 3.12736 3.12736 0 0.0125094 0 0 0 0 0 0 0 1 1 1 1 1  ; 1.3
