4705142614,304637,306126
4713161146,304637,306127
4713208809,304637,306129
4713242065,304645,306135
4713275714,304675,306161
4713308717,304735,306220
4713342395,304823,306314
4713374929,304905,306424
4713407887,304980,306516
4713440853,305064,306585
4713474298,305160,306675
4713507270,305274,306787
4713540129,305401,306909
4713573237,305536,307028
4713606481,305672,307147
4713639686,305810,307267
4713673080,305954,307394
4713706476,306101,307528
4713739363,306246,307664
4713772272,306394,307798
4713804885,306539,307932
4713838551,306692,308074
4713871966,306845,308214
4713906234,307001,308359
4713939574,307153,308500
4713971845,307302,308635
4714004884,307454,308777
4714038442,307606,308921
4714070846,307756,309059
4714104365,307912,309204
4714136740,308061,309345
4714170636,308218,309491
4714204453,308374,309640
4714236954,308524,309784
4714270569,308682,309934
4714304471,308840,310086
4714337451,308994,310231
4714370277,309147,310376
4714403170,309299,310519
4714436581,309452,310662
4714469181,309602,310803
4714501810,309753,310944
4714535468,309906,311089
4714568359,310057,311232
4714601258,310206,311375
4714634570,310354,311518
4714666746,310499,311657
4714700081,310649,311801
4714733485,310797,311944
4714765716,310942,312084
4714798985,311091,312227
4714832335,311239,312371
4714865647,311390,312514
4714898131,311538,312653
4714931253,311687,312798
4714964545,311836,312941
4714996753,311980,313080
4715030068,312128,313225
4715063352,312277,313367
4715095817,312422,313506
4715128745,312569,313648
4715162008,312720,313790
4715195630,312870,313932
4715228503,313015,314074
4715261593,313164,314216
4715293886,313309,314354
4715327154,313457,314498
4715359923,313604,314637
4715393258,313754,314780
4715426409,313901,314923
4715459670,314051,315066
4715491743,314198,315207
4715524930,314348,315352
4715558224,314498,315496
4715591613,314647,315639
4715623928,314785,315778
4715657519,314928,315922
4715690159,315067,316062
4715727008,315223,316219
4715759742,315358,316357
4715792798,315495,316497
4715826534,315635,316641
4715859094,315768,316780
4715892598,315905,316921
4715925233,316039,317057
4715957661,316172,317196
4715993787,316320,317346
4716026960,316455,317483
4716060429,316592,317624
4716093746,316729,317766
4716127630,316868,317907
4716160518,316999,318045
4716193456,317131,318184
4716226234,317264,318322
4716260939,317403,318468
4716294076,317534,318607
4716327721,317664,318749
4716361500,317793,318889
4716394253,317911,319020
4716427074,318026,319156
4716460322,318141,319297
4716492868,318253,319434
4716526689,318368,319580
4716559490,318477,319719
4716591955,318579,319852
4716624917,318684,319990
4716658672,318790,320133
4716691645,318895,320269
4716724660,319001,320405
4716757634,319109,320544
4716790807,319222,320682
4716824809,319347,320824
4716857960,319476,320963
4716891507,319609,321104
4716924807,319743,321247
4716958000,319880,321390
4716991248,320020,321533
4717024676,320164,321680
4717056850,320302,321822
4717090560,320448,321971
4717123591,320591,322120
4717156369,320734,322268
4717189064,320879,322416
4717222762,321026,322567
4717257178,321176,322721
4717290632,321324,322870
4717323737,321469,323016
4717355944,321608,323160
4717389676,321755,323310
4717422804,321901,323454
4717455975,322044,323601
4717489054,322188,323748
4717522388,322337,323895
4717555325,322481,324042
4717592355,322643,324207
4717621701,322775,324338
4717655188,322925,324488
4717688469,323073,324636
4717720835,323218,324779
4717754696,323370,324929
4717787644,323514,325073
4717819838,323658,325214
4717853200,323807,325360
4717886222,323952,325503
4717919486,324099,325647
4717952719,324247,325792
4717985742,324393,325939
4718018243,324539,326085
4718051178,324688,326232
4718084754,324839,326384
4718122148,325009,326552
4718155848,325160,326701
4718189816,325310,326853
4718222621,325457,326998
4718255804,325605,327145
4718289208,325751,327295
4718322731,325899,327442
4718355304,326045,327585
4718388086,326192,327733
4718421085,326339,327882
4718453961,326488,328031
4718487829,326640,328185
4718521723,326792,328340
4718554969,326945,328493
4718587980,327095,328642
4718621749,327248,328796
4718655181,327402,328948
4718688582,327554,329098
4718721520,327704,329248
4718754547,327856,329397
4718787288,328007,329546
4718820274,328157,329696
4718853381,328309,329844
4718886043,328458,329992
4718919846,328609,330145
4718953831,328763,330296
4718986796,328910,330445
4719019818,329059,330593
4719053977,329214,330747
4719085803,329357,330891
4719118893,329506,331039
4719152794,329661,331191
4719185645,329809,331339
4719218842,329959,331489
4719251122,330106,331635
4719284715,330257,331787
4719317820,330406,331938
4719350035,330552,332082
4719383248,330700,332229
4719416339,330847,332377
4719449804,330997,332525
4719482391,331141,332668
4719515605,331288,332816
4719548699,331435,332962
4719581297,331580,333107
4719614774,331730,333258
4719646948,331876,333403
4719680475,332026,333554
4719713142,332171,333702
4719746397,332322,333852
4719779285,332471,334000
4719812657,332619,334151
4719845758,332768,334298
4719878294,332917,334446
4719911200,333064,334595
4719944834,333216,334746
4719977649,333365,334894
4720010402,333512,335041
4720043141,333658,335186
4720076721,333811,335337
4720109262,333958,335483
4720142645,334107,335631
4720179138,334271,335793
4720213011,334424,335945
4720246908,334578,336098
4720279337,334724,336243
4720312482,334873,336393
4720345731,335025,336544
4720378549,335172,336690
4720411348,335317,336839
4720444215,335465,336988
4720477355,335615,337136
4720510877,335765,337288
4720542975,335910,337434
4720576629,336063,337586
4720609750,336210,337735
4720642942,336357,337884
4720676938,336509,338036
4720709560,336652,338182
4720742750,336797,338331
4720774977,336939,338474
4720808526,337087,338623
4720841376,337231,338770
4720874478,337381,338919
4720907755,337532,339068
4720940887,337681,339217
4720973985,337832,339366
4721007669,337985,339518
4721040582,338135,339667
4721073367,338285,339814
4721106359,338435,339964
4721139298,338585,340114
4721172510,338737,340264
4721205859,338888,340416
4721238500,339034,340564
4721271921,339186,340712
4721304208,339333,340857
4721337969,339484,341007
4721373740,339645,341164
4721408754,339802,341318
4721441293,339946,341462
4721474764,340097,341610
4721510635,340258,341768
4721541403,340395,341905
4721574900,340548,342053
4721607372,340693,342194
4721640532,340839,342339
4721673499,340988,342486
4721706540,341138,342633
4721739530,341286,342781
4721772132,341433,342926
4721805653,341585,343073
4721838633,341732,343219
4721871338,341878,343362
4721904641,342028,343507
4721937404,342174,343649
4721970431,342320,343792
4722003313,342468,343935
4722036299,342617,344083
4722069474,342766,344233
4722102778,342917,344385
4722135810,343066,344536
4722168912,343217,344686
4722201843,343367,344836
4722234625,343514,344987
4722267979,343666,345139
4722300507,343814,345287
4722333926,343964,345438
4722366937,344113,345590
4722399512,344263,345738
4722432932,344415,345891
4722466034,344565,346043
4722498771,344715,346193
4722531838,344866,346346
4722564660,345014,346498
4722597317,345163,346646
4722630950,345317,346799
4722663873,345467,346951
4722696675,345619,347101
4722729623,345771,347251
4722762615,345922,347402
4722797447,346083,347560
4722831146,346237,347712
4722863965,346387,347860
4722896881,346537,348011
4722929537,346685,348160
4722962916,346835,348310
4722995403,346980,348456
4723028592,347128,348605
4723061370,347275,348751
4723094774,347423,348901
4723127728,347563,349048
4723160597,347702,349194
4723193580,347841,349340
4723226357,347975,349484
4723259233,348108,349630
4723292507,348239,349776
4723325537,348366,349919
4723358467,348490,350064
4723391759,348614,350209
4723424833,348739,350353
4723457785,348861,350497
4723490849,348986,350640
4723523465,349114,350781
4723556326,349245,350923
4723589672,349380,351068
4723623268,349519,351216
4723656796,349661,351366
4723690151,349803,351516
4723722820,349944,351663
4723755727,350090,351812
4723788723,350236,351963
4723821705,350380,352112
4723854800,350527,352261
4723888034,350677,352413
4723920775,350824,352562
4723954198,350974,352714
4723986588,351121,352863
4724019711,351271,353014
4724052805,351420,353162
4724085828,351570,353312
4724118961,351719,353459
4724151351,351854,353592
4724184422,351981,353715
4724218011,352100,353827
4724251086,352205,353925
4724284239,352296,354009
4724317682,352364,354072
4724351108,352404,354109
4724383672,352431,354126
4724416998,352461,354141
4724449825,352487,354144
4724482586,352494,354145
4724516325,352494,354143
4724549946,352494,354141
4724582917,352494,354136
4724615880,352494,354132
4724648801,352494,354131
